fixed 11736
100044222 33
100206677 32
100103897 25
100194221 25
100138104 24
100190807 22
100103427 22
100055804 22
100084668 21
100010481 20
100062987 19
100169151 19
100195356 17
100093760 17
100036136 16
100000992 16
100153262 15
100029201 15
100031020 15
100062719 14
100165446 14
100153826 14
100014867 13
100196281 13
100115842 13
100210891 13
100101065 13
100078991 13
100227647 13
100224252 13
100031877 13
100032633 12
100014330 12
100034025 12
100164594 12
100119928 12
100030916 12
100203115 12
100159010 12
100092410 11
100186055 11
100048454 11
100039428 11
100017208 11
100101156 11
100081717 11
100155883 11
100124178 10
100195902 10
100170647 10
100136064 10
100167392 10
100035091 10
100056332 10
100140967 10
100179983 10
100150540 10
100046354 10
100000003 10
100098672 10
100072860 10
100227924 10
100102891 10
100127353 10
100178937 9
100213430 9
100014694 9
100232958 9
100147672 9
100098455 9
100093412 9
100066596 9
100133867 9
100063532 9
100062204 9
100141031 9
100168323 9
100076027 9
100148588 9
100225787 9
100151406 9
100106940 8
100071973 8
100028877 8
100155293 8
100001384 8
100224586 8
100140496 8
100122096 8
100068892 8
100232060 8
100212212 8
100098934 8
100210960 8
100057130 8
100099871 8
100168868 8
100031475 8
100215730 8
100139670 8
100077211 7
100138955 7
100212470 7
100077402 7
100069309 7
100118151 7
100213603 7
100054723 7
100079309 7
100198136 7
100157714 7
100047492 7
100180204 7
100120354 7
100145194 7
100034479 7
100105040 7
100032687 7
100224035 7
100104927 7
100086491 7
100173086 7
100092163 7
100120414 7
100230667 7
100076734 7
100119407 6
100216086 6
100102779 6
100163517 6
100078643 6
100110301 6
100179511 6
100182006 6
100182319 6
100031492 6
100221523 6
100048360 6
100154575 6
100182379 6
100010062 6
100101136 6
100065503 6
100118249 6
100070634 6
100190893 6
100117035 6
100036013 6
100214916 6
100101448 6
100105757 6
100091459 6
100126811 6
100022717 6
100211403 6
100020469 6
100206106 6
100062698 6
100175706 6
100073728 6
100030468 6
100099369 6
100212009 6
100209157 6
100020192 6
100129465 6
100065755 6
100139460 6
100188315 6
100197611 6
100073153 6
100209261 6
100036938 6
100231631 6
100073927 6
100086838 6
100123977 6
100141152 6
100203202 5
100031261 5
100103184 5
100131543 5
100123415 5
100075311 5
100052682 5
100139838 5
100219010 5
100151006 5
100062856 5
100159416 5
100085816 5
100190995 5
100119177 5
100181130 5
100165601 5
100057101 5
100022700 5
100038729 5
100216514 5
100068103 5
100227627 5
100072482 5
100067342 5
100154473 5
100002858 5
100208058 5
100064868 5
100152044 5
100107351 5
100032353 5
100150676 5
100231219 5
100192576 5
100196181 5
100133175 5
100174219 5
100203367 5
100014278 5
100123815 5
100081708 5
100100696 5
100104893 5
100129544 5
100043522 5
100218239 5
100019135 5
100039675 5
100209124 5
100230622 5
100172217 5
100044758 5
100166975 5
100076501 5
100090513 5
100166201 5
100200986 5
100057690 5
100209545 5
100171905 5
100007356 5
100146171 5
100046358 5
100018532 5
100042833 5
100182614 5
100199642 5
100233281 4
100165919 4
100124139 4
100226182 4
100193386 4
100021882 4
100212234 4
100136144 4
100111949 4
100120366 4
100103520 4
100153567 4
100156060 4
100165211 4
100068351 4
100131494 4
100207436 4
100161849 4
100173767 4
100045490 4
100124313 4
100168437 4
100198595 4
100179255 4
100120146 4
100122839 4
100102366 4
100083664 4
100051802 4
100177386 4
100194234 4
100020218 4
100072312 4
100038653 4
100084214 4
100227012 4
100079099 4
100114340 4
100180249 4
100142897 4
100021609 4
100169996 4
100104644 4
100183974 4
100027661 4
100102511 4
100055597 4
100156126 4
100085812 4
100222398 4
100032161 4
100145514 4
100216324 4
100131470 4
100137902 4
100212669 4
100015733 4
100036007 4
100108577 4
100152422 4
100123909 4
100024844 4
100087217 4
100107540 4
100231984 4
100083681 4
100115187 4
100038543 4
100218841 4
100166834 4
100089295 4
100131570 4
100031425 4
100057324 4
100083258 4
100165643 4
100168942 4
100213999 4
100130132 4
100067038 4
100070529 4
100018491 4
100099084 4
100118789 4
100164327 4
100218661 4
100003468 4
100153083 4
100060241 4
100196037 4
100122243 4
100033064 4
100163187 4
100205222 4
100139353 4
100058483 4
100030383 4
100121189 4
100034605 4
100065958 4
100043173 4
100166664 4
100095863 4
100138263 4
100125859 4
100034538 4
100100578 4
100087204 4
100209981 4
100040504 4
100134663 4
100229662 4
100220823 4
100040394 4
100068361 4
100168874 4
100193933 4
100079420 4
100160060 4
100226253 4
100177336 4
100158335 4
100122751 4
100147086 4
100045699 4
100197163 4
100129295 4
100077567 4
100215889 4
100096381 4
100224420 4
100175365 4
100142775 4
100093867 4
100093572 4
100112028 4
100070484 4
100162953 4
100159839 4
100132778 4
100184063 4
100160105 4
100209755 4
100180976 3
100142691 3
100213004 3
100115550 3
100005660 3
100203285 3
100181664 3
100036627 3
100187486 3
100172462 3
100219021 3
100025116 3
100227053 3
100079306 3
100010579 3
100079117 3
100196631 3
100165174 3
100137172 3
100029180 3
100161677 3
100107637 3
100151662 3
100057366 3
100138129 3
100227115 3
100089993 3
100158631 3
100220208 3
100188373 3
100201977 3
100115797 3
100076411 3
100186926 3
100137726 3
100205186 3
100106937 3
100073346 3
100022117 3
100125112 3
100233158 3
100169461 3
100027138 3
100074839 3
100230842 3
100033387 3
100179930 3
100182040 3
100187301 3
100014418 3
100013174 3
100061426 3
100064864 3
100125704 3
100052075 3
100149545 3
100171027 3
100171593 3
100205713 3
100184213 3
100103838 3
100215293 3
100136383 3
100005391 3
100008187 3
100201596 3
100063691 3
100199440 3
100040332 3
100173564 3
100119155 3
100081715 3
100231930 3
100100796 3
100007628 3
100148773 3
100142686 3
100099845 3
100064270 3
100020266 3
100153428 3
100207738 3
100216570 3
100014046 3
100178451 3
100169592 3
100076912 3
100076711 3
100172926 3
100133609 3
100100782 3
100058037 3
100010163 3
100138121 3
100137943 3
100077105 3
100014568 3
100122286 3
100048391 3
100139041 3
100186998 3
100169863 3
100038048 3
100038888 3
100130985 3
100150202 3
100181456 3
100040684 3
100141129 3
100126354 3
100059904 3
100080382 3
100020488 3
100078640 3
100060420 3
100175170 3
100145885 3
100158352 3
100004804 3
100089278 3
100203881 3
100178764 3
100109784 3
100215648 3
100019275 3
100161290 3
100225135 3
100089091 3
100129411 3
100016141 3
100057442 3
100148303 3
100078751 3
100036143 3
100218843 3
100133473 3
100131286 3
100035266 3
100215065 3
100164754 3
100173636 3
100223118 3
100123536 3
100196412 3
100140000 3
100013171 3
100044713 3
100133257 3
100168512 3
100181763 3
100037697 3
100037423 3
100181358 3
100022142 3
100181392 3
100175460 3
100137158 3
100116520 3
100090428 3
100043310 3
100092893 3
100159763 3
100167046 3
100204680 3
100148252 3
100143588 3
100044904 3
100132948 3
100171062 3
100164956 3
100083271 3
100219488 3
100155573 3
100140117 3
100006476 3
100202072 3
100175262 3
100229945 3
100169441 3
100062130 3
100209213 3
100143367 3
100005668 3
100127526 3
100097530 3
100208114 3
100028409 3
100100186 3
100165326 3
100193957 3
100002776 3
100016071 3
100181485 3
100108633 3
100027081 3
100138028 3
100224562 3
100055269 3
100232628 3
100117858 3
100022663 3
100098332 3
100195634 3
100197675 3
100026652 3
100102807 3
100199928 3
100216231 3
100112163 3
100193563 3
100073223 3
100100505 3
100130316 3
100078157 3
100046667 3
100080498 3
100171954 3
100042783 3
100186284 3
100080815 3
100031755 3
100104505 3
100165485 3
100073288 3
100029767 3
100103688 3
100100184 3
100133891 3
100146097 3
100129161 3
100111336 3
100061357 3
100212065 3
100213377 3
100118423 3
100165874 3
100213151 3
100148852 3
100133527 3
100103055 3
100032165 3
100162952 3
100003722 3
100128122 3
100073257 3
100080733 3
100165605 3
100098315 3
100050272 3
100029393 3
100025724 3
100030719 3
100001511 3
100225015 3
100093995 3
100055027 3
100156211 3
100033998 3
100189487 3
100076901 3
100022655 3
100012313 3
100210743 3
100143443 3
100034256 3
100063328 3
100052951 3
100203143 3
100202947 3
100171359 3
100006786 3
100064386 3
100177749 3
100204015 3
100217860 3
100090736 3
100190185 3
100069987 3
100149638 3
100186077 3
100219577 3
100216075 3
100140562 3
100061111 3
100213945 2
100073310 2
100132616 2
100030034 2
100190450 2
100066895 2
100044130 2
100229571 2
100117932 2
100232249 2
100023239 2
100054230 2
100223747 2
100013027 2
100207648 2
100066332 2
100128811 2
100063578 2
100211851 2
100147642 2
100006094 2
100161189 2
100225115 2
100185189 2
100090820 2
100145658 2
100059547 2
100113133 2
100061502 2
100001192 2
100219952 2
100129719 2
100115931 2
100133825 2
100016212 2
100186642 2
100198633 2
100095884 2
100036523 2
100155057 2
100063916 2
100010436 2
100011801 2
100050916 2
100208360 2
100170110 2
100137257 2
100221354 2
100166293 2
100011510 2
100014489 2
100149949 2
100130459 2
100211941 2
100034268 2
100174087 2
100058813 2
100072845 2
100178777 2
100147476 2
100081545 2
100124001 2
100170926 2
100050154 2
100036636 2
100225425 2
100082931 2
100155354 2
100101494 2
100085846 2
100221570 2
100038211 2
100041339 2
100074997 2
100072448 2
100127962 2
100132549 2
100156860 2
100054589 2
100188810 2
100033166 2
100157933 2
100119281 2
100181046 2
100058919 2
100007811 2
100149437 2
100148956 2
100217348 2
100071167 2
100043165 2
100085373 2
100167935 2
100068471 2
100093234 2
100029434 2
100149185 2
100021690 2
100141729 2
100164120 2
100038433 2
100039200 2
100102839 2
100162380 2
100023186 2
100158857 2
100046540 2
100145343 2
100137651 2
100138099 2
100167039 2
100196818 2
100141083 2
100232535 2
100034194 2
100141691 2
100226201 2
100026686 2
100017611 2
100150525 2
100082626 2
100196214 2
100053460 2
100007796 2
100029228 2
100146632 2
100160751 2
100140747 2
100170960 2
100069868 2
100143927 2
100150913 2
100195534 2
100168219 2
100044700 2
100156726 2
100175431 2
100129641 2
100191476 2
100087460 2
100014449 2
100220230 2
100004325 2
100007655 2
100082346 2
100107971 2
100099376 2
100039245 2
100027224 2
100099964 2
100022406 2
100149343 2
100150614 2
100051805 2
100011747 2
100061372 2
100205299 2
100128459 2
100006529 2
100180600 2
100168844 2
100203634 2
100219297 2
100100504 2
100010081 2
100013586 2
100192534 2
100124682 2
100041207 2
100118192 2
100046612 2
100017936 2
100076319 2
100211848 2
100215882 2
100035929 2
100185899 2
100102920 2
100230596 2
100096317 2
100006469 2
100063414 2
100027376 2
100082000 2
100096288 2
100108961 2
100009669 2
100000591 2
100042468 2
100168013 2
100112439 2
100084816 2
100188500 2
100150023 2
100078900 2
100070706 2
100038161 2
100147692 2
100231637 2
100209516 2
100224221 2
100049340 2
100044726 2
100071550 2
100137630 2
100228989 2
100140872 2
100082329 2
100188621 2
100087417 2
100110642 2
100162757 2
100133069 2
100091815 2
100119466 2
100173768 2
100100418 2
100151826 2
100046541 2
100211570 2
100060354 2
100221739 2
100192469 2
100219246 2
100200634 2
100017380 2
100124881 2
100041112 2
100172179 2
100016611 2
100078532 2
100081876 2
100159296 2
100157468 2
100142320 2
100033160 2
100155362 2
100155138 2
100174627 2
100106164 2
100169168 2
100057369 2
100169469 2
100015195 2
100077655 2
100136150 2
100021642 2
100087156 2
100228579 2
100181877 2
100203584 2
100054346 2
100184337 2
100055024 2
100221363 2
100111890 2
100214547 2
100032274 2
100102035 2
100169577 2
100131437 2
100125975 2
100226073 2
100075719 2
100201732 2
100020853 2
100212289 2
100092210 2
100065804 2
100004252 2
100022007 2
100143856 2
100166264 2
100037879 2
100110868 2
100013956 2
100029099 2
100034143 2
100145016 2
100054384 2
100075973 2
100228587 2
100145906 2
100156789 2
100194162 2
100155476 2
100105202 2
100018162 2
100073894 2
100088365 2
100207776 2
100117303 2
100055427 2
100026958 2
100151272 2
100215999 2
100171194 2
100181207 2
100097937 2
100097389 2
100213382 2
100019332 2
100196824 2
100197446 2
100170434 2
100173417 2
100125213 2
100136188 2
100210210 2
100175968 2
100011216 2
100158808 2
100210869 2
100021177 2
100143386 2
100095271 2
100231819 2
100203556 2
100005960 2
100212732 2
100034032 2
100161630 2
100084138 2
100043142 2
100224579 2
100176386 2
100162238 2
100185008 2
100138230 2
100115394 2
100005123 2
100162981 2
100173987 2
100224622 2
100051360 2
100066632 2
100115978 2
100156010 2
100192805 2
100176437 2
100035523 2
100077595 2
100222783 2
100012544 2
100118440 2
100020978 2
100177876 2
100083973 2
100054207 2
100089858 2
100051229 2
100018406 2
100058599 2
100201120 2
100115172 2
100042805 2
100189432 2
100086011 2
100066479 2
100217231 2
100113788 2
100006511 2
100162185 2
100036575 2
100005798 2
100155439 2
100070224 2
100132816 2
100168050 2
100231331 2
100179202 2
100094456 2
100126298 2
100231315 2
100132753 2
100159951 2
100109988 2
100105195 2
100158661 2
100181535 2
100038135 2
100073244 2
100120259 2
100003523 2
100129340 2
100115531 2
100040379 2
100074478 2
100194428 2
100221459 2
100100773 2
100060193 2
100035078 2
100020449 2
100097618 2
100037981 2
100072924 2
100104193 2
100134875 2
100167127 2
100081109 2
100088324 2
100001605 2
100172041 2
100090560 2
100054089 2
100177212 2
100163920 2
100150098 2
100127499 2
100006112 2
100184546 2
100036405 2
100080503 2
100052247 2
100022924 2
100206844 2
100060258 2
100075690 2
100106206 2
100116150 2
100207335 2
100045530 2
100105506 2
100085151 2
100073750 2
100232654 2
100160619 2
100099969 2
100048320 2
100214478 2
100055056 2
100121931 2
100140367 2
100191949 2
100153097 2
100125179 2
100012634 2
100116659 2
100078849 2
100148407 2
100024684 2
100206437 2
100040440 2
100097006 2
100174570 2
100065299 2
100125165 2
100173544 2
100029246 2
100088519 2
100155049 2
100050900 2
100151683 2
100199760 2
100027952 2
100220976 2
100183945 2
100045338 2
100049642 2
100055544 2
100057652 2
100130864 2
100129180 2
100061818 2
100153594 2
100080414 2
100111608 2
100140171 2
100143794 2
100113757 2
100230075 2
100197216 2
100080509 2
100129123 2
100225309 2
100016784 2
100188877 2
100096078 2
100142560 2
100027130 2
100052021 2
100120134 2
100090064 2
100138376 2
100074026 2
100123843 2
100197066 2
100100955 2
100073636 2
100046638 2
100006340 2
100150386 2
100197527 2
100215193 2
100025870 2
100001499 2
100164256 2
100158789 2
100196513 2
100072523 2
100160844 2
100011204 2
100083962 2
100161034 2
100126860 2
100045765 2
100052801 2
100196034 2
100128420 2
100202034 2
100197072 2
100069540 2
100141485 2
100005249 2
100073620 2
100171903 2
100014544 2
100013677 2
100007455 2
100087490 2
100226203 2
100082181 2
100132776 2
100210221 2
100141944 2
100179758 2
100089271 2
100155010 2
100125480 2
100127219 2
100077144 2
100049139 2
100082314 2
100132025 2
100187591 2
100102554 2
100218259 2
100233328 2
100081486 2
100198088 2
100199253 2
100188181 2
100154866 2
100020902 2
100218778 2
100037278 2
100185839 2
100164428 2
100068384 2
100114777 2
100155160 2
100152668 2
100091405 2
100168213 2
100093536 2
100028688 2
100112468 2
100036097 2
100140014 2
100000186 2
100001660 2
100020652 2
100073219 2
100228411 2
100171019 2
100180530 2
100211545 2
100142702 2
100063370 2
100012804 2
100070732 2
100211431 2
100167767 2
100165881 2
100040597 2
100165193 2
100193164 2
100232747 2
100215332 2
100102007 2
100220850 2
100117468 2
100062768 2
100067087 2
100184019 2
100060599 2
100017206 2
100181796 2
100056191 2
100034488 2
100183478 2
100101364 2
100213806 2
100228813 2
100089472 2
100134233 2
100155220 2
100218848 2
100196601 2
100022802 2
100076681 2
100170866 2
100215904 2
100087933 2
100112706 2
100184099 2
100167821 2
100038501 2
100178637 2
100002596 2
100223866 2
100143569 2
100219806 2
100128633 2
100166411 2
100082865 2
100067492 2
100135641 2
100034597 2
100040272 2
100098258 2
100207471 2
100228884 2
100067587 2
100121033 2
100229879 2
100045072 2
100083466 2
100019017 2
100096304 2
100170764 2
100153029 2
100036475 2
100122971 2
100032925 2
100055550 2
100072810 2
100226719 2
100153345 2
100017867 2
100050148 2
100099475 2
100117529 2
100216311 2
100134998 2
100145211 2
100098764 2
100109085 2
100183765 2
100070217 2
100196208 2
100091582 2
100093379 2
100094285 2
100175354 2
100096987 2
100116762 2
100116730 2
100038866 2
100128663 2
100152661 2
100217416 2
100075467 2
100123234 2
100023792 2
100047976 2
100168337 2
100173256 2
100002960 2
100146015 2
100043614 2
100102754 2
100000882 2
100224443 2
100007636 2
100129099 2
100190531 2
100117784 2
100200883 2
100204096 2
100023395 2
100061256 2
100164250 2
100149584 2
100016866 2
100105027 2
100056205 2
100193868 2
100151750 2
100221791 2
100006317 2
100163162 2
100124143 2
100213282 2
100167566 2
100082069 2
100086643 2
100196614 2
100198433 2
100017236 2
100153922 2
100072912 2
100111879 2
100194835 2
100003389 2
100075008 2
100133032 2
100224497 2
100216339 2
100021470 2
100169258 2
100126750 2
100103787 2
100007659 2
100122568 2
100053691 2
100116698 2
100092205 2
100015795 2
100071592 2
100139807 2
100229094 2
100089877 2
100120377 2
100227885 2
100196300 2
100061796 2
100161893 2
100104761 2
100054953 2
100017492 2
100183853 2
100126460 2
100224488 2
100055788 2
100133654 2
100216377 2
100071048 2
100060842 2
100104684 2
100034560 2
100053117 2
100176827 2
100080540 2
100079666 2
100067292 2
100053751 2
100097324 2
100197263 2
100152328 2
100219513 2
100176362 2
100118305 2
