34809 0 107 0
34810 1 118 0
34811 0 23 0
34812 0 22 0
34813 0 26 0
34814 0 70 0
34815 24 84 3
34900 0 23 0
34901 0 38 0
34902 0 55 0
34903 0 42 0
34904 0 27 0
34905 0 207 0
34906 0 41 0
34907 0 66 0
34908 10 69 1
34909 0 23 0
34910 0 24 0
34911 7 128 1
34912 0 8 0
34913 4 291 2
34914 0 24 0
34915 0 22 0
35000 0 68 0
35001 4 128 0
35002 0 23 0
35003 0 36 0
35004 459 184 5
35005 0 45 0
35006 1 60 21
35007 0 16 0
35008 0 29 0
35009 0 186 0
35010 0 53 0
35011 0 88 0
35012 23 230 1
35013 0 46 0
35014 0 44 0
35015 0 93 0
35100 0 45 0
35101 0 20 0
35102 16 44 4
35103 1 103 0
35104 0 64 0
35105 13 153 14
35106 22 386 4
35107 0 37 0
35108 0 8 0
35109 0 48 0
35110 0 113 0
35111 0 9 0
35112 0 14 0
35113 0 42 0
35114 40 212 15
35115 0 21 0
35200 0 16 0
35201 2 199 1
35202 0 41 0
35203 1 32 0
35204 131 96 0
35205 0 18 0
35206 0 24 0
35207 0 37 0
35208 12 80 0
35209 0 29 0
35210 5 22 0
35211 50 103 7
35212 4 16 5
35213 12 31 4
35214 0 89 0
35215 7 106 1
35300 11 48 3
35301 0 17 0
35302 0 36 0
35303 3 837 29
35304 0 41 0
35305 0 106 0
35306 0 21 0
35307 0 76 0
35308 0 12 0
35309 0 40 0
35310 0 9 0
35311 1 46 0
35312 0 17 0
35313 0 78 0
35314 0 14 0
35315 3 28 0
35400 0 17 0
35401 0 50 0
35402 0 72 0
35403 0 19 0
35404 1 223 0
35405 0 13 0
35406 0 15 0
35407 0 18 0
35408 0 54 0
35409 0 21 0
35410 51 343 31
35411 0 28 0
35412 0 77 0
35413 3 286 1
35414 0 79 0
35415 0 31 0
35500 0 92 1
35501 5 53 0
35502 0 354 0
35503 0 35 0
35504 0 20 0
35505 4 112 1
35506 0 23 0
35507 0 218 0
35508 1 7 0
35509 0 37 0
35510 0 21 0
35511 52 333 70
35512 61 228 16
35513 0 12 0
35514 0 9 0
35515 2 77 1
35600 5 110 0
35601 0 30 0
35602 0 79 0
35603 2 159 0
35604 0 13 0
35605 0 44 0
35606 5 25 0
35607 0 23 0
35608 0 136 0
35609 0 67 0
35610 0 22 0
35611 0 18 0
35612 4 55 1
35613 7 7 0
35614 0 12 0
35615 2 52 0
35700 0 21 0
35701 0 11 0
35702 216 4903 18
35703 0 66 4
35704 0 198 0
35705 0 15 0
35706 0 89 0
35707 0 14 0
35708 0 129 0
35709 0 134 0
35710 0 111 1
35711 0 50 0
35712 0 44 0
35713 0 47 0
35714 0 47 0
35715 0 30 0
35800 0 9 0
35801 0 25 0
35802 0 29 0
35803 328 1286 116
35804 0 63 0
35805 0 151 0
35806 0 42 0
35808 0 10 0
35809 0 30 0
35810 4 36 0
35811 0 25 0
35812 0 11 0
35813 0 21 0
35814 2 81 0
35815 0 12 0
35900 0 39 0
35901 0 27 0
35902 0 38 0
35903 1 129 31
35904 0 58 0
35905 0 18 0
35906 0 20 0
35907 0 39 0
35908 0 11 0
35909 0 56 0
35910 0 22 0
35911 0 89 0
35912 0 69 0
35913 0 28 0
35914 5 157 9
35915 0 4 1
36000 0 19 0
36001 0 11 0
36002 0 23 0
36003 0 33 0
36004 0 195 0
36005 0 35 0
36006 3 111 3
36007 7 992 4
36008 0 41 0
36009 0 45 0
36010 0 359 0
36011 0 12 0
36012 2 147 0
36013 0 60 0
36014 0 22 0
36015 0 68 0
36100 0 74 0
36101 1 172 0
36102 0 39 0
36103 13 255 3
36104 2 209 1
36105 0 13 0
36106 0 53 0
36107 1 62 0
36108 2 80 4
36109 0 6 0
36110 0 207 0
36111 0 39 0
36112 0 31 0
36113 18 296 5
36114 0 13 0
36115 0 52 0
36200 1 262 0
36201 4 3 1
36202 0 96 0
36203 19 48 2
36204 0 71 0
36205 0 26 0
36206 0 19 0
36207 22 375 2
36208 0 28 0
36209 0 53 0
36210 0 8 0
36211 0 78 0
36212 0 76 0
36213 0 26 0
36214 0 14 0
36215 0 33 0
36300 0 51 0
36301 0 28 0
36302 27 662 2
36303 2 243 0
36304 0 13 0
36305 0 53 0
36306 1 67 0
36307 0 84 0
36308 0 25 0
36309 1 15 0
36310 0 14 0
36311 0 42 0
36312 0 78 0
36313 34 480 0
36314 4 80 3
36315 0 73 0
36400 0 21 0
36401 2 86 0
36402 0 70 0
36403 0 33 0
36404 0 22 0
36405 0 7 0
36406 24 131 0
36407 0 5 0
36408 0 28 0
36409 0 150 0
36410 0 223 0
36411 0 12 0
36412 9 104 2
36413 0 82 0
36414 9 105 1
36415 3 61 4
36500 0 78 0
36501 1 294 0
36502 2 296 0
36503 0 101 0
36504 0 24 0
36505 5 700 0
36506 0 341 0
36507 1 75 0
36508 0 82 0
36509 0 31 0
36510 0 147 0
36511 0 20 0
36512 0 18 0
36513 0 46 0
36514 0 20 0
36515 0 42 0
36600 0 146 0
36601 0 34 0
36602 0 64 0
36603 0 28 0
36604 0 23 0
36605 0 182 0
36606 0 37 7
36607 7 16 1
36608 0 13 0
36609 0 38 0
36610 0 56 0
36611 100 1069 76
36612 0 46 0
36613 0 16 0
36614 0 33 0
36615 0 5 0
36700 0 14 0
36701 14 284 3
36702 0 22 0
36703 0 16 0
36704 0 10 0
36705 12 429 23
36706 1 56 0
36707 0 41 0
36708 0 66 0
36709 0 33 0
36710 0 54 0
36711 0 78 0
36712 0 44 0
36713 0 33 0
36714 0 70 0
36715 0 90 0
36800 0 37 0
36801 0 101 0
36802 0 39 0
36803 0 26 0
36804 1 20 5
36805 5 49 5
36806 0 51 0
36807 0 710 0
36808 0 47 0
36809 0 161 0
36810 0 70 0
36811 11 355 4
36812 0 50 0
36813 0 44 0
36814 0 94 0
36815 0 11 0
36900 0 27 0
36901 0 12 0
36902 8 42 0
36903 0 186 0
36904 0 44 0
36905 0 84 0
36906 0 65 0
36907 0 13 0
36908 0 51 0
36909 0 70 0
36910 0 35 0
36911 2 91 1
36912 0 129 0
36913 0 177 0
36914 0 14 0
36915 0 13 0
37000 0 358 1
37001 3 113 2
37002 0 22 0
37003 0 136 0
37004 0 72 0
37005 44 938 22
37006 4 26 0
37007 0 778 0
37008 0 28 0
37009 0 72 0
37010 0 44 0
37011 0 65 1
37012 0 119 0
37013 0 23 0
37014 0 60 0
37015 0 41 0
37100 27 47 2
37101 6 54 10
37102 0 80 1
37103 0 39 0
37104 0 54 0
37105 0 29 0
37106 0 12 0
37107 0 13 0
37108 0 42 0
37109 0 144 0
37110 0 25 0
37111 0 216 4
37112 28 442 9
37113 0 46 0
37114 0 31 0
37115 0 15 0
37200 1 35 0
37201 3 85 0
37202 0 47 0
37203 0 45 0
37204 0 128 0
37205 0 50 0
37206 1 27 1
37207 423 85 1
37208 8 64 1
37209 0 777 0
37210 17 70 1
37211 9 29 1
37212 0 16 0
37213 0 57 0
37214 0 28 0
37215 1 77 0
37300 0 43 0
37301 53 955 15
37302 26 138 6
37303 6 125 0
37304 20 236 26
37305 0 14 0
37306 0 10 0
37307 14 61 1
37308 0 65 0
37309 0 16 0
37310 0 25 0
37311 0 37 2
37312 0 47 0
37313 0 185 0
37314 5 228 6
37315 1 113 2
37400 4 113 3
37401 0 11 0
37402 0 28 0
37403 1 20 1
37404 0 31 0
37405 2 124 0
37406 0 28 0
37407 16 62 5
37408 0 187 0
37409 0 23 0
37410 0 159 0
37411 0 78 0
37412 0 15 0
37413 0 41 0
37414 3 25 5
37415 8 60 0
37500 1 37 1
37501 0 102 0
37502 0 119 1
37503 0 196 0
37504 0 28 0
37505 1 42 1
37506 0 268 0
37507 11 130 3
37508 0 17 0
37509 2 23 0
37510 19 247 5
37511 0 117 2
37512 0 136 0
37513 1 63 0
37514 0 30 0
37515 0 67 0
37600 0 12 0
37601 0 12 0
37602 8 143 3
37603 1 47 3
37604 0 43 0
37605 0 12 0
37606 4 28 1
37607 0 18 0
37608 0 18 0
37609 23 167 10
37610 0 491 0
37611 17 139 1
37612 2 87 0
37613 0 22 0
37614 0 59 0
37615 1 122 0
37700 0 20 0
37701 0 35 0
37702 0 159 1
37703 0 12 0
37704 0 37 0
37705 0 25 0
37706 0 10 0
37707 0 186 0
37708 0 9 0
37709 10 33 1
37710 0 51 0
37711 2 286 6
37712 0 36 0
37713 0 20 0
37714 0 118 0
37715 0 18 0
37800 0 17 0
37801 0 143 0
37802 0 43 0
37803 0 39 0
37804 0 23 0
37805 0 33 0
37806 0 52 0
37807 0 51 0
37808 0 5 0
37809 0 84 0
37810 0 35 0
37811 0 174 0
37812 0 29 0
37813 0 343 0
37814 0 27 0
37815 748 3350 69
37900 0 27 0
37901 0 50 0
37902 3 174 17
37903 0 12 0
37904 0 12 0
37905 0 110 0
37906 0 78 0
37907 0 224 1
37908 6 2708 20
37909 0 35 0
37910 0 29 0
37911 0 77 0
37912 0 16 0
37913 0 33 0
37914 0 37 0
37915 0 14 0
38000 0 101 0
38001 0 39 0
38002 0 34 0
38003 0 41 0
38004 0 19 0
38005 0 79 0
38006 2 461 0
38007 0 53 0
38008 0 12 0
38009 1 67 0
38010 8 228 1
38011 0 13 0
38012 3 27 0
38013 17 373 5
38014 0 100 0
38015 0 30 0
38100 0 16 0
38101 16 86 0
38102 0 6 0
38103 0 108 0
38104 0 17 0
38105 1 117 4
38106 0 178 0
38107 0 44 0
38108 2 54 0
38109 0 27 0
38110 0 22 1
38111 0 11 0
38112 68 296 7
38113 23 198 20
38114 0 22 0
38115 0 15 0
38200 478 1971 346
38201 0 18 0
38202 0 30 0
38203 8 126 0
38204 0 20 0
38205 0 27 0
38206 0 36 0
38207 0 6 0
38208 0 17 0
38209 0 105 0
38210 92 805 66
38211 0 19 0
38212 0 13 0
38213 0 49 0
38214 3 106 1
38215 0 9 0
38300 2 69 0
38301 0 31 0
38302 0 11 0
38303 3 71 0
38304 1 994 102
38305 0 45 0
38306 0 24 0
38307 0 11 0
38308 0 85 0
38309 0 13 0
38310 24 293 7
38311 0 14 0
38312 0 114 0
38313 0 25 0
38314 0 56 0
38315 0 20 0
38400 0 12 0
38401 0 109 0
38402 0 28 0
38403 0 140 0
38404 0 16 0
38405 0 107 0
38406 0 19 0
38407 7 212 2
38408 7 58 0
38409 0 26 0
38410 41 299 35
38411 0 39 0
38412 0 58 0
38413 0 25 0
38414 36 932 116
38415 2 64 0
38500 0 78 0
38501 0 46 0
38502 0 11 0
38503 0 29 0
38504 0 14 0
38505 9 88 4
38506 0 43 0
38507 0 8 0
38508 0 24 0
38509 0 77 0
38510 0 25 0
38511 0 154 0
38512 0 123 0
38513 0 38 0
38514 0 82 0
38515 0 9 0
38600 0 15 0
38601 0 12 0
38602 0 42 0
38603 0 41 0
38604 0 45 0
38605 0 11 0
38606 0 20 0
38607 0 20 0
38608 0 329 0
38609 123 3975 22
38610 0 18 0
38611 0 15 0
38612 0 11 0
38613 17 291 3
38614 0 39 0
38615 0 27 0
38700 0 26 0
38701 0 280 0
38702 0 75 0
38703 0 49 0
38704 0 30 0
38705 0 10 0
38706 0 7 0
38707 0 56 0
38708 32 955 61
38709 0 9 0
38710 1 338 2
38711 0 11 0
38712 22 370 7
38713 0 25 0
38714 17 38 1
38715 0 69 0
38800 0 17 0
38801 0 65 0
38802 0 12 0
38803 9 29 1
38804 0 10 0
38805 0 24 0
38806 1 103 1
38807 2 36 0
38808 3 63 0
38809 0 71 0
38810 9 504 0
38811 0 14 0
38812 0 95 0
38813 0 53 0
38814 0 60 0
38815 0 20 0
38900 0 20 2
38901 0 17 0
38902 0 32 0
38903 16 33 3
38904 0 77 0
38905 0 41 0
38906 0 229 0
38907 0 27 0
38908 1 28 0
38909 0 126 0
38910 0 24 0
38911 90 38 5
38912 0 49 0
38913 8 137 0
38914 23 162 3
38915 0 9 0
39000 0 42 0
39001 0 110 0
39002 14 136 7
39003 1 128 2
39004 0 33 0
39005 14 11 1
39006 0 30 0
39007 7 617 2
39008 0 96 0
39009 0 38 0
39010 0 78 0
39011 1 67 0
39012 0 15 0
39013 16 232 1
39014 0 142 0
39015 15 408 31
39100 0 40 0
39101 0 40 0
39102 0 43 0
39103 7 367 0
39104 0 163 0
39105 0 43 0
39106 0 94 0
39107 0 14 0
39108 0 224 0
39109 5 84 0
39110 42 638 38
39111 0 16 0
39112 0 6 0
39113 0 15 0
39114 0 59 0
39115 0 20 0
39200 0 26 0
39201 9 70 0
39202 0 35 0
39203 0 39 0
39204 0 39 0
39205 0 19 0
39206 0 33 0
39207 0 53 0
39208 0 36 0
39209 0 72 0
39210 0 113 0
39211 76 67 4
39212 0 10 0
39213 4 255 4
39214 0 10 0
39215 0 34 0
39300 0 55 0
39301 0 64 0
39302 0 183 0
39303 0 56 0
39304 0 193 0
39305 2 102 4
39306 0 41 1
39307 0 39 0
39308 0 7 0
39309 0 41 0
39310 0 24 0
39311 0 72 0
39312 0 25 0
39313 0 151 0
39314 58 251 1
39315 0 70 0
39400 0 40 0
39401 0 273 0
39402 6 227 1
39403 0 20 0
39404 0 19 0
39405 0 19 0
39406 18 458 40
39407 5 85 0
39408 0 138 0
39409 0 95 0
39410 1 52 0
39411 0 55 0
39412 0 48 0
39413 0 16 4
39414 0 13 0
39415 0 37 0
39500 8 1624 0
39501 0 150 2
39502 0 34 0
39503 0 24 0
39504 0 62 0
39505 90 596 61
39506 0 10 0
39507 0 41 0
39508 0 20 0
39509 1 61 0
39510 12 119 0
39511 0 45 0
39512 0 55 0
39513 0 23 0
39514 0 46 0
39515 0 38 0
39600 0 9 0
39601 0 9 0
39602 0 103 0
39603 0 14 0
39604 4 31 1
39605 0 63 0
39606 14 71 5
39607 25 29 6
39608 0 136 0
39609 0 26 0
39610 0 27 0
39611 0 93 0
39612 0 77 0
39613 0 30 0
39614 0 148 0
39615 0 62 0
39700 0 55 0
39701 0 852 0
39702 0 5 0
39703 0 139 0
39704 0 20 0
39705 19 299 3
39706 0 19 0
39707 0 12 0
39708 0 23 0
39709 3 527 17
39710 0 51 0
39711 2 77 0
39712 5 26 1
39713 0 23 0
39714 0 7 0
39715 0 71 0
39800 1 45 2
39801 0 28 0
39802 0 221 0
39803 1 48 0
39804 1 155 0
39805 0 17 0
39806 0 19 0
39807 0 93 0
39808 4 27 2
39809 0 103 0
39810 5 51 1
39811 0 12 0
39812 0 56 0
39813 0 30 0
39814 0 272 0
39815 0 16 0
39900 5 46 0
39901 0 63 1
39902 0 9 0
39903 0 107 0
39904 0 574 0
39905 6 24 0
39906 0 23 0
39907 0 33 0
39908 5 104 16
39909 0 21 0
39910 0 109 0
39911 0 29 0
39912 0 20 0
39913 0 21 0
39914 0 115 0
39915 24 515 8
40000 0 35 0
40001 0 178 0
40002 23 32 0
40003 0 45 0
40004 4 30 0
40005 1 48 0
40006 0 14 0
40007 0 29 0
40008 0 49 0
40009 0 20 0
40010 0 66 0
40011 0 11 0
40012 2 39 0
40013 0 24 0
40014 0 81 0
40015 21 360 0
40100 0 69 0
40101 0 136 0
40102 1 58 0
40103 0 10 0
40104 1 20 2
40105 0 9 0
40106 0 68 0
40107 1 83 8
40108 155 1471 16
40109 13 1216 1
40110 0 10 0
40111 0 35 0
40112 2 116 0
40113 2 26 1
40114 0 10 0
40115 0 19 0
40200 12 62 0
40201 1 22 0
40202 0 152 0
40203 0 18 0
40204 0 132 1
40205 0 9 0
40206 9 132 4
40207 0 46 0
40208 0 54 0
40209 0 11 0
40210 18 60 5
40211 0 16 0
40212 0 44 0
40213 23 62 4
40214 0 26 0
40215 14 107 3
40300 0 40 0
40301 0 43 0
40302 2 41 1
40303 12 93 13
40304 0 112 0
40305 0 18 0
40306 10 410 33
40307 0 33 0
40308 0 14 0
40309 0 121 0
40310 0 29 0
40311 0 68 0
40312 0 21 0
40313 0 27 0
40314 3 72 9
40315 0 58 0
40400 0 10 0
40401 0 50 0
40402 0 17 0
40403 0 119 0
40404 11 226 0
40405 0 23 0
40406 4 28 2
40407 20 43 1
40408 0 32 0
40409 0 20 0
40410 1 304 0
40411 0 14 0
40412 0 12 0
40413 0 29 0
40414 1 85 0
40415 0 28 0
40500 1 51 0
40501 2 18 1
40502 0 155 0
40503 0 22 0
40504 2 32 3
40505 0 15 0
40506 0 20 0
40507 0 22 0
40508 0 13 0
40509 0 164 0
40510 123 1885 61
40511 0 20 0
40512 0 14 0
40513 0 23 0
40514 54 554 13
40515 0 122 0
40600 0 37 0
40601 0 13 0
40602 0 61 0
40603 0 37 2
40604 2 174 1
40605 1 94 4
40606 0 35 0
40607 4 298 1
40608 0 74 0
40609 0 28 0
40610 1 24 0
40611 0 122 0
40612 0 49 0
40613 0 15 0
40614 1 14 0
40615 0 15 0
40700 0 70 0
40701 0 60 0
40702 0 14 0
40703 0 22 0
40704 58 32 0
40705 0 29 0
40706 108 306 20
40707 0 11 0
40708 0 17 0
40709 12 85 3
40710 3 58 1
40711 0 64 0
40712 0 358 0
40713 0 15 0
40714 0 16 0
40715 3 560 1
40800 0 16 0
40801 208 110 4
40802 0 8 0
40803 1 205 0
40804 24 679 6
40805 9 358 19
40806 0 38 0
40807 0 128 0
40808 0 22 0
40809 0 20 0
40810 0 26 0
40811 0 67 0
40812 0 24 0
40813 0 127 0
40814 0 231 0
40815 0 315 0
40900 3 49 0
40901 0 29 0
40902 15 193 3
40903 0 93 0
40904 0 34 0
40905 0 60 0
40906 0 41 0
40907 0 68 0
40908 0 31 0
40909 5 116 7
40910 0 585 0
40911 0 9 0
40912 0 13 0
40913 3 56 1
40914 0 112 0
40915 0 16 1
41000 0 33 1
41001 0 13 0
41002 0 246 2
41003 2 126 0
41004 0 153 0
41005 21 102 8
41006 24 319 8
41007 0 40 0
41008 0 62 0
41009 1 38 1
41010 21 595 7
41011 0 30 0
41012 0 29 0
41013 5 43 0
41014 0 23 0
41015 0 12 0
41100 0 45 0
41101 11 30 4
41102 0 58 0
41103 0 23 2
41104 8 199 1
41105 0 204 0
41106 0 65 0
41107 0 542 0
41108 0 29 0
41109 0 86 0
41110 0 459 0
41111 0 27 0
41112 367 5691 332
41113 0 18 0
41114 0 16 0
41115 0 85 0
41200 0 288 0
41201 0 41 0
41202 0 47 0
41203 0 59 0
41204 106 1730 25
41205 0 310 0
41206 5 38 0
41207 145 1013 30
41208 0 29 0
41209 0 58 0
41210 0 10 0
41211 0 25 0
41212 0 11 0
41213 0 110 0
41214 2 15 2
41215 10 103 1
41300 0 39 0
41301 0 25 0
41302 0 28 0
41303 0 9 0
41304 0 24 0
41305 0 44 0
41306 132 795 39
41307 0 45 0
41308 0 19 0
41309 0 47 0
41310 0 24 0
41311 0 19 0
41312 45 815 13
41313 0 65 0
41314 0 39 0
41315 0 70 0
41400 0 41 4
41401 0 26 0
41402 1 56 0
41403 6 80 1
41404 0 17 0
41405 0 50 1
41406 0 32 0
41407 38 330 0
41408 0 26 0
41409 0 23 0
41410 0 23 0
41411 0 50 0
41412 0 103 0
41413 0 14 0
41414 0 30 0
41415 0 52 0
41500 0 64 0
41501 0 35 0
41502 1337 231 5
41503 0 74 0
41504 0 32 0
41505 0 35 0
41506 0 65 1
41507 0 55 0
41508 0 34 0
41509 0 90 0
41510 0 20 0
41511 0 53 0
41512 0 35 0
41513 0 21 0
41514 0 55 0
41515 0 49 0
41600 9 20 0
41601 8 31 0
41602 0 64 0
41603 0 39 0
41604 0 21 0
41605 0 33 0
41606 0 120 0
41607 0 40 0
41608 0 24 0
41609 1 33 0
41610 0 25 0
41611 0 23 0
41612 0 37 0
41613 0 362 0
41614 0 19 0
41615 0 13 3
41700 11 43 2
41701 0 19 0
41702 0 14 0
41703 0 32 0
41704 1 55 1
41705 0 6 0
41706 8 191 1
41707 0 64 0
41708 0 27 0
41709 24 318 1
41710 0 11 0
41711 0 35 0
41712 0 43 0
41713 0 72 0
41714 0 17 0
41715 0 11 0
41800 0 44 0
41801 0 61 0
41802 0 82 0
41803 0 23 0
41804 2 102 1
41805 0 54 0
41806 0 17 0
41807 0 53 0
41808 0 847 2
41809 0 24 0
41810 0 17 0
41811 0 18 0
41812 1 29 0
41813 0 24 0
41814 9 139 1
41815 0 41 0
41900 0 17 0
41901 0 52 0
41902 0 25 0
41903 0 64 0
41904 0 38 0
41905 19 453 16
41906 0 41 0
41907 0 2257 0
41908 0 18 0
41909 3 66 0
41910 0 87 0
41911 0 38 0
41912 0 55 0
41913 0 23 0
41914 0 39 0
41915 3 184 3
42000 0 35 0
42001 0 28 0
42002 0 28 0
42003 0 50 0
42004 13 279 5
42005 22 554 9
42006 24 83 7
42007 0 22 0
42008 0 113 0
42009 62 223 5
42010 0 197 0
42011 1 82 0
42012 0 25 0
42013 0 32 0
42014 0 29 0
42015 507 56 0
42100 117 1655 13
42101 0 11 0
42102 0 150 0
42103 31 36 9
42104 0 43 0
42105 0 37 0
42106 0 196 0
42107 0 30 0
42108 0 12 0
42109 0 12 0
42110 4 16 7
42111 8 345 3
42112 0 179 0
42113 0 20 0
42114 4 41 0
42115 0 8 0
42200 0 66 0
42201 0 47 0
42202 0 25 0
42203 0 105 0
42204 0 33 0
42205 0 59 0
42206 0 11 0
42207 0 63 0
42208 3 54 1
42209 4 30 1
42210 14 118 18
42211 0 31 0
42212 55 106 1
42213 0 113 1
42214 43 183 6
42215 0 36 0
42300 0 37 0
42301 0 27 0
42302 0 20 0
42303 0 37 0
42304 0 70 0
42305 5 209 2
42306 0 46 0
42307 2 38 2
42308 0 64 0
42309 12 264 3
42310 4 195 1
42311 24 243 0
42312 0 62 0
42313 0 263 0
42314 2 60 1
42315 4 98 11
42400 0 430 0
42401 262 6869 34
42402 0 129 0
42403 2 113 9
42404 0 70 0
42405 190 279 1
42406 0 16 0
42407 0 132 0
42408 0 76 0
42409 0 21 0
42410 5 50 0
42411 0 57 0
42412 0 63 1
42413 1 513 0
42414 0 40 0
42415 6 27 8
42500 0 17 0
42501 0 55 0
42502 0 26 0
42503 0 67 0
42504 0 13 0
42505 0 48 0
42506 0 8 0
42507 0 32 0
42508 0 42 0
42509 0 20 0
42510 0 11 0
42511 0 62 0
42512 0 238 0
42513 0 86 0
42514 0 22 0
42515 0 265 0
42600 0 19 0
42601 44 19 0
42602 8 85 0
42603 2 16 0
42604 0 77 0
42605 0 275 0
42606 0 17 0
42607 0 16 0
42608 7 27 1
42609 0 25 0
42610 7 372 3
42611 0 19 0
42612 1 74 0
42613 0 20 0
42614 0 13 0
42615 0 141 0
42700 0 43 0
42701 0 53 0
42702 1 61 0
42703 0 63 0
42704 1 225 0
42705 4 76 1
42706 0 27 0
42707 0 132 0
42708 0 24 0
42709 5 75 4
42710 1 20 0
42711 0 172 0
42712 8 103 0
42713 0 25 0
42714 6 131 0
42715 36 225 30
42800 0 45 0
42801 4 146 0
42802 0 41 0
42803 0 24 0
42804 0 46 0
42805 5 293 1
42806 0 38 0
42807 0 28 0
42808 2 77 0
42809 0 52 0
42810 0 46 0
42811 0 85 0
42812 0 22 0
42813 0 41 0
42814 7 57 1
42815 2 24 0
42900 13 14 0
42901 0 34 0
42902 0 26 0
42903 2 140 0
42904 21 82 5
42905 0 30 0
42906 0 8 0
42907 5 109 16
42908 0 28 0
42909 0 114 0
42910 4 66 1
42911 0 26 0
42912 0 57 0
42913 0 53 0
42914 0 27 0
42915 0 20 0
43000 0 22 0
43001 0 32 0
43002 0 13 0
43003 0 51 0
43004 19 381 1
43005 0 5 0
43006 0 26 0
43007 0 6 0
43008 0 65 0
43009 2 39 0
43010 0 35 0
43011 3 220 5
43012 0 23 0
43013 62 320 2
43014 0 46 0
43015 5 36 6
43100 0 62 0
43101 0 21 0
43102 0 16 0
43103 2 117 1
43104 0 135 0
43105 0 28 0
43106 0 19 0
43107 0 18 0
43108 0 55 0
43109 0 59 0
43110 0 11 0
43111 0 72 0
43112 0 168 1
43113 0 27 0
43114 0 16 0
43115 0 21 5
43200 11 762 1
43201 1 190 1
43202 0 39 0
43203 0 58 0
43204 0 120 0
43205 1 200 1
43206 0 14 0
43207 0 23 0
43208 0 37 0
43209 0 74 0
43210 0 22 0
43211 0 23 0
43212 0 18 0
43213 0 57 0
43214 0 36 0
43215 15 459 8
43300 2 120 2
43301 0 8 0
43302 0 51 0
43303 0 38 0
43304 0 51 0
43305 0 10 0
43306 0 19 0
43307 0 61 0
43308 0 22 0
43309 0 66 0
43310 14 560 100
43311 4 267 10
43312 0 19 0
43313 0 66 0
43314 0 30 0
43315 0 27 0
43400 38 59 5
43401 36 204 2
43402 1 30 1
43403 0 17 0
43404 0 73 0
43405 0 68 0
43406 0 26 0
43407 0 66 0
43408 0 95 0
43409 0 43 0
43410 0 13 0
43411 1 130 0
43412 0 24 0
43413 0 80 0
43414 0 55 0
43415 0 18 0
43500 27 312 18
43501 2 67 0
43502 0 19 0
43503 0 30 0
43504 0 9 0
43505 0 62 0
43506 0 354 0
43507 0 13 0
43508 0 18 0
43509 0 29 0
43510 0 32 0
43511 0 59 0
43512 0 69 0
43513 0 36 0
43514 0 145 0
43515 0 27 0
43600 0 35 0
43601 0 13 0
43602 0 18 0
43603 0 24 0
43604 0 35 0
43605 0 42 0
43606 1 203 1
43607 3 117 4
43608 3 53 0
43609 0 21 0
43610 0 23 0
43611 0 50 0
43612 0 14 0
43613 0 13 0
43614 0 17 0
43615 0 32 0
43700 0 66 0
43701 0 31 0
43702 49 264 12
43703 1 23 2
43704 0 42 0
43705 0 25 0
43706 125 1341 15
43707 0 76 0
43708 0 50 0
43709 0 160 0
43710 2 26 0
43711 26 75 6
43712 0 205 1
43713 0 34 0
43714 33 110 14
43715 0 26 0
43800 0 46 0
43801 0 21 0
43802 77 899 175
43803 16 479 2
43804 0 45 0
43805 0 96 0
43806 11 21 17
43807 0 17 0
43808 11 1763 26
43809 12 18 0
43810 3 155 1
43811 0 104 3
43812 0 44 0
43813 0 12 0
43814 41 284 0
43815 0 49 0
43900 0 15 0
43901 0 17 0
43902 0 140 0
43903 0 3 0
43904 0 49 0
43905 74 128 2
43906 0 7 0
43907 0 8 0
43908 0 22 0
43909 0 76 0
43910 0 38 0
43911 0 80 0
43912 36 117 7
43913 2 104 0
43914 2 339 0
43915 0 20 0
44000 0 14 0
44001 0 3 0
44002 0 15 0
44003 3 467 2
44004 0 214 0
44005 0 76 0
44006 0 18 0
44007 0 54 0
44008 0 9 0
44009 0 147 0
44010 0 22 0
44011 1 436 3
44012 0 20 0
44013 0 98 0
44014 0 126 0
44015 0 19 0
44100 0 22 0
44101 7 81 5
44102 0 270 0
44103 0 30 0
44104 2 22 0
44105 0 28 0
44106 0 6 0
44107 1 31 0
44108 0 33 0
44109 0 59 0
44110 0 60 0
44111 6 21 0
44112 0 49 0
44113 0 8 0
44114 2 125 0
44115 7 47 0
44200 6 85 0
44201 0 25 0
44202 0 29 0
44203 0 103 0
44204 0 182 0
44205 0 495 0
44206 0 37 0
44207 0 12 0
44208 0 5 0
44209 0 20 0
44210 0 19 0
44211 0 93 0
44212 0 12 0
44213 0 28 0
44214 0 50 0
44215 0 44 0
44300 0 289 1
44301 0 13 0
44302 0 11 0
44303 0 38 0
44304 0 41 0
44305 6 39 2
44306 13 114 1
44307 0 19 0
44308 0 80 0
44309 0 17 0
44310 0 19 0
44311 0 115 0
44312 5 60 1
44313 0 18 0
44314 0 18 0
44315 5 12 0
44400 0 16 0
44401 0 64 0
44402 0 29 0
44403 0 38 0
44404 0 36 0
44405 0 21 0
44406 2 42 0
44407 0 6 0
44408 0 37 0
44409 0 80 0
44410 0 18 0
44411 0 23 0
44412 0 29 0
44413 0 13 0
44414 0 42 0
44500 0 91 0
44501 0 40 0
44502 0 8 0
44503 0 55 0
44504 0 59 0
44505 0 19 0
44506 0 27 0
44507 0 48 0
44508 0 45 0
44509 0 35 0
44510 0 44 0
44511 0 18 0
44512 0 80 0
44513 0 520 0
44514 0 38 0
44515 28 104 8
44600 0 13 0
44601 0 19 0
44602 0 21 0
44603 28 112 27
44604 0 17 0
44605 0 78 2
44606 1 191 0
44607 0 16 0
44608 0 11 0
44609 0 39 5
44610 0 39 0
44611 0 16 0
44612 0 80 10
44613 0 20 0
44614 0 30 1
44615 0 16 0
44700 0 11 0
44701 0 66 0
44702 16 129 2
44703 0 52 0
44704 0 72 0
44705 1 67 0
44706 162 2934 35
44707 0 26 0
44708 1 204 0
44709 0 655 0
44710 0 9 0
44711 0 26 0
44712 75 213 27
44713 0 30 0
44714 0 38 0
44715 0 42 0
44800 0 24 0
44801 0 90 0
44802 0 80 0
44803 0 17 0
44804 0 10 0
44805 41 821 135
44806 0 242 0
44807 0 54 0
44808 0 26 0
44809 0 56 0
44810 0 85 0
44811 0 88 2
44812 0 43 0
44813 18 144 0
44814 0 361 2
44815 1 23 0
44900 1 121 0
44901 0 13 0
44902 0 22 1
44903 6 185 1
44904 0 4 0
44905 0 250 0
44906 0 39 1
44907 0 46 0
44908 0 22 0
44909 0 18 0
44910 1 27 0
44911 0 3 0
44912 0 84 2
44913 0 65 0
44914 0 34 0
44915 0 13 0
45000 0 25 0
45001 0 23 0
45002 0 28 0
45003 0 14 0
45004 0 71 0
45005 0 128 0
45006 0 45 0
45007 0 22 0
45008 0 41 0
45009 42 290 11
45010 0 16 0
45011 0 15 0
45012 0 101 0
45013 0 75 0
45014 0 29 1
45015 0 44 0
45100 9 81 8
45101 11 86 0
45102 0 27 0
45103 0 33 0
45104 0 40 0
45105 0 49 0
45106 0 58 0
45107 0 54 0
45108 3 30 0
45109 0 18 0
45110 0 15 0
45111 0 20 0
45112 0 21 0
45113 0 34 0
45114 0 10 0
45115 0 27 0
45200 0 40 0
45201 18 153 4
45202 0 30 0
45203 0 38 0
45204 0 157 0
45205 1 75 0
45206 0 32 0
45207 0 136 0
45208 0 353 0
45209 5 92 1
45210 0 24 0
45211 0 42 0
45212 2 18 0
45213 0 134 0
45214 0 52 0
45215 0 19 0
45300 0 16 0
45301 3 90 0
45302 1 58 1
45303 0 10 0
45304 0 49 0
45305 0 14 0
45306 0 201 0
45307 0 107 0
45308 0 106 0
45309 0 80 0
45310 0 55 0
45311 0 66 0
45312 63 23 5
45313 0 37 0
45314 0 307 0
45315 1 78 0
45400 0 110 0
45401 0 27 0
45402 0 34 0
45403 0 20 0
45404 40 530 8
45405 5 12 0
45406 0 27 2
45407 0 20 0
45408 1 51 1
45409 0 99 0
45410 0 271 0
45411 1 76 0
45412 0 56 0
45413 0 14 0
45414 0 61 0
45415 0 367 0
45500 0 45 0
45501 0 23 0
45502 2 67 1
45503 171 1607 112
45504 0 24 0
45505 0 177 0
45506 11 42 0
45507 9 150 0
45508 0 471 0
45509 0 24 0
45510 0 231 0
45511 1 78 0
45512 0 27 0
45513 0 67 0
45514 0 16 0
45515 0 44 0
45600 1 12 1
45601 0 318 0
45602 2 66 1
45603 0 4 0
45604 0 107 0
45605 0 89 0
45606 1 35 0
45607 646 2633 222
45608 0 96 0
45609 0 13 0
45610 12 330 16
45611 1 49 1
45612 0 408 0
45613 0 38 0
45614 9 98 2
45615 0 31 0
45700 0 67 0
45701 0 30 0
45702 7 271 1
45703 49 321 2
45704 0 324 0
45705 1 259 0
45706 0 12 0
45707 0 18 1
45708 0 9 0
45709 0 13 0
45710 0 18 0
45711 0 147 0
45712 43 294 6
45713 0 42 0
45714 0 160 0
45715 0 10 0
45800 1 199 2
45801 0 27 0
45802 0 26 0
45803 0 58 0
45804 0 45 0
45805 23 85 1
45806 0 14 0
45807 0 86 0
45808 0 108 1
45809 20 366 6
45810 0 52 0
45811 0 42 0
45812 4 28 3
45813 1 24 0
45814 0 74 0
45815 0 109 0
45900 2 137 1
45901 0 16 0
45902 236 626 57
45903 0 45 0
45904 1 35 2
45905 0 24 0
45906 0 46 0
45907 0 274 0
45908 0 43 0
45909 0 39 0
45910 0 69 0
45911 0 14 0
45912 0 23 0
45913 0 61 0
45914 0 22 0
45915 0 12 0
46000 1 10 0
46001 0 25 0
46002 1 98 0
46003 0 26 0
46004 0 53 0
46005 7 25 6
46006 0 234 0
46007 0 53 0
46008 0 8 0
46009 1 10 0
46010 0 42 0
46011 0 190 0
46012 0 51 0
46013 0 35 0
46014 0 5 0
46015 0 17 0
46100 0 38 0
46101 0 11 0
46102 0 55 0
46103 0 23 0
46104 0 50 0
46105 0 22 0
46106 11 38 0
46107 0 18 0
46108 0 100 0
46109 0 34 0
46110 2 92 0
46111 0 51 0
46112 0 85 0
46113 0 27 0
46114 0 60 0
46115 23 36 0
46200 0 175 0
46201 0 79 0
46202 0 53 0
46203 0 476 3
46204 0 47 0
46205 0 31 0
46206 0 17 0
46207 0 24 0
46208 0 37 0
46209 0 29 0
46210 0 134 0
46211 75 301 13
46212 6 86 1
46213 0 21 0
46214 35 34 0
46215 0 54 0
46300 0 18 0
46301 0 46 0
46302 0 19 0
46303 1 50 1
46304 5 35 0
46305 0 14 0
46306 1 94 0
46307 2 20 2
46308 3 54 1
46309 0 12 0
46310 21 26 1
46311 0 23 0
46312 0 143 0
46313 2 59 0
46314 0 127 2
46315 0 98 0
46400 0 33 0
46401 0 71 0
46402 0 25 0
46403 47 549 28
46404 3 35 0
46405 0 60 0
46406 0 25 0
46407 0 101 0
46408 0 72 0
46409 0 18 0
46410 28 45 4
46411 0 29 0
46412 0 170 0
46413 0 8 0
46414 0 6 0
46415 2 23 5
46500 0 31 0
46501 0 107 0
46502 0 125 0
46503 5 647 1
46504 0 565 0
46505 0 19 0
46506 0 29 0
46507 0 54 0
46508 36 246 3
46509 0 56 0
46510 0 371 0
46511 0 67 0
46512 1 35 0
46513 0 140 0
46514 0 23 0
46515 0 10 0
46600 0 24 0
46601 0 26 0
46602 101 1138 243
46603 8 25 3
46604 0 255 0
46605 0 27 0
46606 373 1105 201
46607 0 34 0
46608 0 31 0
46609 0 101 0
46610 29 121 4
46611 0 31 0
46612 0 27 0
46613 0 33 0
46614 0 40 0
46615 0 36 0
46700 0 7 0
46701 13 621 0
46702 0 48 0
46703 0 28 0
46704 0 77 0
46705 0 36 0
46706 0 46 0
46707 1 18 0
46708 0 42 0
46709 0 20 0
46710 0 983 159
46711 0 8 0
46712 0 8 0
46713 0 13 0
46714 0 137 4
46715 0 49 0
46800 0 297 0
46801 0 54 0
46802 0 186 0
46803 0 50 0
46804 0 10 0
46805 0 10 0
46806 0 31 0
46807 1 35 0
46808 0 24 0
46809 0 17 0
46810 0 27 0
46811 0 42 0
46812 0 7 0
46813 18 166 1
46814 0 142 0
46815 0 32 0
46900 0 17 0
46901 3 43 5
46902 0 221 0
46903 0 18 0
46904 1 49 1
46905 0 69 0
46906 0 89 1
46907 0 13 1
46908 0 24 0
46909 0 3 0
46910 8 38 0
46911 2 93 0
46912 33 149 11
46913 2 265 3
46914 106 77 2
46915 2 135 1
47000 0 13 0
47001 0 37 0
47002 0 21 0
47003 265 1272 217
47004 0 1 0
47005 0 69 0
47006 5 66 2
47007 0 14 0
47008 0 182 0
47009 0 79 0
47010 0 55 0
47011 0 43 0
47012 2 33 0
47013 0 36 0
47014 14 230 2
47015 0 23 0
47100 2 43 0
47101 0 7 0
47102 0 96 0
47103 0 264 0
47104 0 25 0
47105 0 9 0
47106 0 62 0
47107 8 155 12
47108 0 75 0
47109 0 18 0
47110 0 147 0
47111 0 50 0
47112 0 44 0
47113 0 139 0
47114 0 33 0
47115 0 38 0
47200 0 74 0
47201 0 19 0
47202 0 12 0
47203 0 39 0
47204 0 53 0
47205 0 37 0
47206 0 22 0
47207 14 61 0
47208 0 114 0
47209 0 51 0
47210 0 31 0
47211 1 11 1
47212 6 157 0
47213 0 24 0
47214 2 18 0
47215 0 118 0
47300 0 35 0
47301 0 22 0
47302 0 39 3
47303 13 298 3
47304 3 104 0
47305 0 142 0
47306 1 22 0
47307 0 39 0
47308 0 52 0
47309 0 37 0
47310 0 213 25
47311 0 16 5
47312 0 79 0
47313 245 397 1
47314 0 25 0
47315 0 10 0
47400 0 9 0
47401 0 18 0
47402 0 49 0
47403 0 32 0
47404 0 20 0
47405 0 942 0
47406 0 53 0
47407 0 44 0
47408 0 25 0
47409 0 74 0
47410 1 45 0
47411 6 85 1
47412 23 121 9
47413 0 33 0
47414 0 32 0
47415 5 1356 0
47500 0 95 0
47501 0 37 0
47502 0 33 0
47503 0 39 0
47504 0 186 0
47505 17 172 2
47506 0 22 0
47507 0 20 0
47508 0 72 0
47509 0 20 0
47510 57 82 18
47511 0 85 0
47512 0 42 0
47513 87 289 3
47514 0 105 0
47515 0 153 0
47600 0 10 0
47601 0 32 0
47602 0 19 0
47603 6 47 0
47604 0 48 0
47605 1 32 1
47606 0 13 0
47607 0 42 0
47608 0 8 0
47609 0 926 3
47610 0 70 0
47611 2 123 2
47612 27 300 2
47613 0 55 0
47614 2 31 0
47615 0 94 0
47700 0 326 0
47701 3 45 1
47702 4 43 2
47703 0 35 0
47704 0 20 0
47705 0 31 0
47706 0 15 0
47707 0 162 0
47708 0 133 0
47709 3 46 0
47710 36 630 122
47711 0 99 0
47712 72 742 71
47713 0 102 0
47714 0 54 0
47715 0 62 0
47800 0 99 0
47801 11 328 1
47802 0 38 0
47803 0 8 0
47804 10 254 4
47805 0 78 0
47806 0 55 0
47807 0 88 0
47808 0 14 0
47809 0 9 0
47810 0 47 0
47811 0 33 0
47812 0 18 0
47813 0 69 0
47814 2 397 75
47815 18 871 72
47900 0 27 0
47901 0 82 0
47902 0 27 0
47903 3 63 0
47904 0 15 0
47905 0 60 0
47906 0 10 0
47907 0 64 0
47908 0 17 0
47909 0 16 0
47910 0 17 0
47911 0 34 0
47912 0 73 0
47913 0 23 0
47914 0 107 0
47915 0 15 0
48000 0 34 0
48001 0 16 0
48002 0 31 0
48003 0 30 0
48004 3 269 0
48005 10 184 5
48006 0 71 0
48007 1 49 0
48008 0 31 0
48009 0 27 0
48010 190 519 96
48011 0 46 0
48012 0 13 0
48013 0 42 0
48014 0 18 0
48015 0 16 0
48100 0 53 0
48101 0 106 0
48102 0 95 0
48103 0 35 0
48104 0 34 1
48105 2 103 0
48106 2 124 6
48107 783 193 5
48108 0 121 0
48109 0 31 0
48110 0 118 0
48111 0 66 0
48112 0 31 0
48113 0 38 0
48114 4 25 1
48115 0 46 0
48200 5 19 0
48201 17 360 0
48202 0 12 1
48203 0 42 0
48204 0 71 0
48205 0 93 0
48206 0 13 0
48207 0 16 0
48208 0 125 0
48209 0 105 0
48210 0 7 0
48211 0 40 0
48212 0 181 0
48213 13 30 3
48214 0 19 0
48215 0 49 0
48300 4 39 0
48301 0 80 0
48302 0 23 0
48303 0 44 0
48304 0 203 0
48305 18 117 6
48306 0 138 0
48307 0 17 0
48308 5 138 0
48309 2 42 2
48310 0 22 0
48311 3 29 1
48312 0 33 0
48313 0 17 0
48314 0 26 0
48315 2 129 5
48400 0 32 0
48401 0 30 0
48402 0 17 0
48403 4 22 0
48404 0 44 0
48405 0 59 0
48406 5 32 0
48407 0 25 0
48408 8 128 1
48409 1 31 1
48410 0 6 0
48411 0 477 2
48412 0 75 0
48413 0 54 0
48414 16 1313 7
48415 0 22 0
48500 0 36 0
48501 0 81 0
48502 0 84 0
48503 0 38 0
48504 0 213 0
48505 0 29 0
48506 0 47 0
48507 2 51 1
48508 0 28 0
48509 0 29 0
48510 8 392 2
48511 0 40 0
48512 0 70 0
48513 4 252 2
48514 0 32 0
48515 0 23 0
48600 0 20 0
48601 0 11 0
48602 0 18 0
48603 0 36 0
48604 0 21 0
48605 0 8 0
48606 0 75 0
48607 13 183 0
48608 0 227 0
48609 0 29 0
48610 0 75 0
48611 0 65 0
48612 10 131 8
48613 0 18 0
48614 4 116 4
48615 1 945 0
48700 0 12 0
48701 0 59 0
48702 0 9 0
48703 0 16 0
48704 0 21 0
48705 0 32 0
48706 0 71 0
48707 0 19 0
48708 0 47 0
48709 0 15 0
48710 4 91 12
48711 0 9 0
48712 0 28 0
48713 0 85 0
48714 0 63 0
48715 0 37 0
48800 0 119 0
48801 0 345 0
48802 0 31 0
48803 4 62 2
48804 4 91 1
48805 0 30 0
48806 0 150 0
48807 0 17 0
48808 0 199 0
48809 0 16 0
48810 2 159 0
48811 5 110 0
48812 0 39 0
48813 135 2873 126
48814 0 31 0
48815 0 37 0
48900 0 24 0
48901 5 125 3
48902 1 16 0
48903 0 66 0
48904 1 26 0
48905 0 45 0
48906 0 24 0
48907 0 42 1
48908 0 45 0
48909 2 119 27
48910 20 151 5
48911 0 62 0
48912 0 21 0
48913 0 53 0
48914 0 670 0
48915 1 22 1
49000 6 27 3
49001 4 17 0
49002 0 72 0
49003 0 45 0
49004 0 79 0
49005 0 16 0
49006 0 20 0
49007 0 12 0
49008 0 37 0
49009 0 53 0
49010 0 47 0
49011 0 102 0
49012 0 60 0
49013 0 20 0
49014 0 29 0
49015 0 30 0
49100 3 131 2
49101 0 87 0
49102 0 40 0
49103 5 269 0
49104 0 21 0
49105 0 60 0
49106 0 75 0
49107 0 27 0
49108 3 193 6
49109 3 68 1
49110 0 15 0
49111 0 143 0
49112 0 37 0
49113 0 47 0
49114 0 12 0
49115 0 128 0
49200 0 111 0
49201 0 70 0
49202 10 81 2
49203 0 223 0
49204 0 54 0
49205 0 115 0
49206 0 55 0
49207 0 58 0
49208 0 88 0
49209 0 170 0
49210 14 680 14
49211 132 1393 68
49212 0 61 0
49213 0 41 0
49214 0 54 0
49215 0 102 1
49300 0 40 0
49301 74 480 16
49302 0 16 0
49303 1 30 0
49304 31 115 7
49305 1 135 1
49306 10 62 2
49307 0 14 0
49308 0 41 1
49309 0 37 0
49310 0 9 0
49311 0 25 0
49312 0 34 0
49313 0 80 0
49314 0 45 0
49315 0 19 0
49400 1 121 2
49401 1 39 2
49402 8 256 0
49403 59 724 395
49404 0 30 0
49405 0 23 0
49406 2 106 0
49407 2 43 0
49408 3 102 0
49409 0 83 0
49410 0 43 0
49411 1 82 3
49412 0 54 0
49413 0 13 0
49414 1 25 0
49415 0 12 0
49500 0 94 0
49501 50 421 13
49502 0 39 0
49503 0 52 0
49504 0 20 0
49505 0 46 0
49506 0 161 0
49507 185 3166 32
49508 3 109 1
49509 2 32 0
49510 12 50 2
49511 0 301 0
49512 0 60 0
49513 2 174 2
49514 0 22 0
49515 0 221 0
49600 11 392 2
49601 1 24 0
49602 3 55 5
49603 0 245 0
49604 0 21 0
49605 0 97 0
49606 0 41 0
49607 0 61 1
49608 0 19 0
49609 0 14 0
49610 0 81 0
49611 0 63 0
49612 0 15 0
49613 0 34 0
49614 0 49 0
49615 0 37 0
49700 107 459 27
49701 0 19 0
49702 0 92 0
49703 0 246 0
49704 0 15 0
49705 0 105 0
49706 0 108 0
49707 0 64 0
49708 0 22 0
49709 0 21 0
49710 0 14 0
49711 0 43 0
49712 0 31 0
49713 1 49 0
49714 0 39 0
49715 11 185 23
49800 25 371 8
49801 0 43 1
49802 0 59 1
49803 1 85 0
49804 0 22 0
49805 0 129 0
49806 0 31 0
49807 0 30 0
49808 0 69 0
49809 0 23 0
49810 0 101 0
49811 0 39 0
49812 0 196 0
49813 0 32 0
49814 0 116 0
49815 0 76 0
49900 16 393 5
49901 16 281 6
49902 19 208 10
49903 0 24 0
49904 0 56 0
49905 0 23 0
49906 93 87 6
49907 0 72 0
49908 0 22 0
49909 0 30 0
49910 0 122 0
49911 0 64 0
49912 0 30 0
49913 1 141 0
49914 0 77 0
49915 0 69 0
50000 0 27 0
50001 0 33 0
50002 0 868 0
50003 0 33 0
50004 0 43 0
50005 0 102 0
50006 0 213 0
50007 0 40 0
50008 1 37 0
50009 0 108 0
50010 0 325 0
50011 0 17 0
50012 0 3 0
50013 0 284 0
50014 0 13 0
50015 0 11 0
50100 0 32 0
50101 0 47 0
50102 0 132 0
50103 4 150 3
50104 11 301 4
50105 12 31 0
50106 0 22 0
50107 0 28 0
50108 219 365 3
50109 0 34 0
50110 0 22 0
50111 0 30 0
50112 62 1082 4
50113 0 65 0
50114 1 18 0
50115 0 14 0
50200 8 24 5
50201 0 40 0
50202 0 18 0
50203 0 49 0
50204 0 290 0
50205 0 11 0
50206 0 11 0
50207 0 97 0
50208 0 48 0
50209 0 46 0
50210 0 9 0
50211 87 779 16
50212 0 28 0
50213 1 25 1
50214 3 827 0
50215 0 280 0
50300 1 571 0
50301 35 219 4
50302 0 23 0
50303 0 53 0
50304 115 1733 123
50305 4 291 2
50306 0 21 0
50307 17 123 8
50308 0 41 0
50309 82 173 0
50310 23 212 7
50311 0 13 0
50312 0 50 0
50313 0 30 0
50314 0 32 0
50315 0 14 0
50400 0 15 0
50401 0 157 0
50402 18 333 6
50403 0 33 0
50404 16 365 1
50405 0 76 0
50406 0 13 0
50407 0 92 0
50408 0 84 0
50409 0 224 0
50410 0 19 0
50411 0 17 0
50412 0 8 0
50413 0 369 0
50414 1 278 0
50415 0 30 0
50500 0 55 0
50501 0 29 0
50502 0 47 0
50503 1 205 0
50504 0 21 0
50505 0 74 0
50506 0 3 0
50507 0 13 0
50508 0 239 0
50509 0 25 0
50510 0 177 0
50511 5 59 4
50512 41 49 4
50513 1 51 0
50514 133 1799 47
50515 0 36 0
50600 4 103 0
50601 0 43 0
50602 1 156 4
50603 0 61 0
50604 0 9 0
50605 0 40 0
50606 0 33 0
50607 7 140 2
50608 6 68 0
50609 0 101 0
50610 0 41 0
50611 0 27 0
50612 0 29 0
50613 0 21 0
50614 0 15 0
50615 0 22 0
50700 0 14 0
50701 23 1746 6
50702 1 20 2
50703 0 17 0
50704 0 65 0
50705 0 33 0
50706 0 43 0
50707 0 53 0
50708 2 70 0
50709 5 105 0
50710 9 256 0
50711 0 1226 0
50712 0 17 0
50713 46 228 16
50714 0 25 0
50715 0 119 0
50800 0 9 0
50801 0 16 0
50802 0 8 0
50803 0 14 0
50804 0 28 0
50805 0 36 0
50806 0 14 0
50807 0 26 0
50808 0 204 0
50809 6 57 5
50810 0 5 0
50811 0 53 0
50812 0 76 0
50813 9 172 2
50814 0 111 0
50815 0 19 0
50900 1 39 0
50901 6 95 0
50902 0 31 0
50903 42 207 8
50904 0 9 0
50905 0 27 0
50906 0 26 0
50907 0 131 0
50908 2 103 0
50909 0 45 0
50910 22 62 15
50911 0 66 0
50912 22 133 12
50913 6 160 0
50914 0 12 0
50915 0 24 0
51000 24 396 32
51001 0 50 0
51002 0 47 0
51003 6 30 2
51004 0 46 3
51005 0 34 14
51006 0 133 0
51007 0 11 0
51008 0 58 0
51009 5 113 4
51010 0 31 0
51011 0 44 0
51012 0 24 0
51013 0 11 0
51014 38 597 4
51015 0 45 0
51100 130 1964 19
51101 0 167 4
51102 0 24 0
51103 0 34 0
51104 0 92 0
51105 0 9 0
51106 0 21 0
51107 0 6 0
51108 0 45 0
51109 76 480 6
51110 0 97 0
51111 0 14 0
51112 0 21 0
51113 0 13 0
51114 0 133 0
51115 0 35 0
51200 0 94 0
51201 0 23 2
51202 0 8 0
51203 0 61 0
51204 0 8 0
51205 0 71 0
51206 0 47 0
51207 2 54 0
51208 0 13 0
51209 0 29 0
51210 0 62 0
51211 0 55 0
51212 0 74 0
51213 0 74 0
51214 0 50 0
51215 0 15 0
51300 0 65 0
51301 0 28 0
51302 0 3 0
51303 0 19 0
51304 3 24 2
51305 44 452 4
51306 0 229 0
51307 1 18 0
51308 6 221 1
51309 0 91 0
51310 0 119 1
51311 0 78 0
51312 0 25 0
51313 0 18 0
51314 0 109 0
51315 0 70 0
51400 0 201 0
51401 2 42 0
51402 0 249 0
51403 0 31 1
51404 0 26 0
51405 0 25 0
51406 0 80 0
51407 2 41 0
51408 12 102 0
51409 0 43 0
51410 4 36 0
51411 0 58 0
51412 4 28 0
51413 120 1433 106
51414 0 23 0
51415 0 41 0
51500 0 26 0
51501 0 27 0
51502 204 1790 18
51503 0 13 0
51504 77 144 2
51505 0 51 1
51506 0 12 0
51507 0 73 0
51508 16 158 2
51509 0 206 0
51510 0 78 0
51511 0 27 0
51512 4 352 3
51513 0 47 0
51514 21 267 11
51515 0 28 0
51600 0 28 0
51601 62 240 7
51602 0 12 0
51603 0 19 0
51604 0 7 0
51605 0 32 0
51606 0 19 0
51607 5 138 0
51608 0 34 0
51609 0 11 0
51610 0 18 0
51611 14 452 0
51612 0 30 0
51613 0 45 0
51614 0 24 0
51615 19 234 1
51700 0 32 0
51701 0 36 0
51702 0 39 0
51703 1 166 0
51704 0 116 0
51705 1 78 1
51706 0 256 0
51707 0 23 0
51708 0 142 1
51709 0 35 0
51710 0 38 0
51711 0 55 0
51712 4 94 0
51713 0 32 0
51714 4 39 2
51715 0 28 0
51800 0 14 0
51801 0 30 0
51802 0 48 0
51803 0 103 2
51804 0 16 0
51805 0 61 0
51806 0 22 0
51807 0 52 0
51808 25 137 3
51809 0 9 0
51810 186 1766 98
51811 0 56 0
51812 39 903 8
51813 0 21 0
51814 0 17 0
51815 0 57 0
51900 8 228 4
51901 0 61 0
51902 0 24 0
51903 0 20 0
51904 1 732 0
51905 0 55 0
51906 72 558 21
51907 25 85 4
51908 0 24 0
51909 0 21 0
51910 0 337 0
51911 0 5 0
51912 16 879 8
51913 15 283 2
51914 15 538 0
51915 0 44 0
52000 0 38 0
52001 1 37 0
52002 0 13 0
52003 1 51 0
52004 0 31 0
52005 118 2202 554
52006 0 34 0
52007 0 21 1
52008 0 48 0
52009 0 127 1
52010 0 36 0
52011 0 24 0
52012 8 65 0
52013 0 35 0
52014 0 17 0
52015 0 61 0
52100 0 82 0
52101 5 169 3
52102 16 31 2
52103 1 173 4
52104 0 46 0
52105 0 93 1
52106 0 46 0
52107 0 12 0
52108 0 16 0
52109 0 26 0
52110 28 517 38
52111 0 68 0
52112 0 21 0
52113 1 22 0
52114 3 105 2
52115 0 32 0
52200 0 44 0
52201 133 3022 19
52202 0 36 0
52203 0 14 0
52204 50 5177 31
52205 0 82 0
52206 0 9 0
52207 0 410 0
52208 0 46 0
52209 0 16 0
52210 0 73 0
52211 0 33 0
52212 2 8 0
52213 2 70 0
52214 2 188 0
52215 8 127 1
52300 0 133 0
52301 20 49 0
52302 0 28 0
52303 5 71 0
52304 0 24 0
52305 1 117 2
52306 15 37 3
52307 7 26 2
52308 0 432 1
52309 0 24 0
52310 0 16 0
52311 10 35 2
52312 0 16 0
52313 0 25 0
52314 25 165 2
52315 0 99 0
52400 0 18 0
52401 0 11 0
52402 5 108 0
52403 0 15 0
52404 0 10 0
52405 2 32 0
52406 0 10 0
52407 0 793 1
52408 0 38 0
52409 0 9 0
52410 0 30 0
52411 0 42 0
52412 0 60 0
52413 0 8 3
52414 0 18 0
52415 32 773 26
52500 0 23 0
52501 0 155 0
52502 0 33 0
52503 0 30 0
52504 0 3 0
52505 2 42 1
52506 0 52 0
52507 0 19 0
52508 0 66 0
52509 36 564 4
52510 0 22 0
52511 0 21 0
52512 0 46 0
52513 0 27 0
52514 0 57 0
52515 0 77 0
52600 1 26 0
52601 2 44 1
52602 0 45 0
52603 0 11 0
52604 0 33 0
52605 0 21 0
52606 0 84 1
52607 0 190 0
52608 0 20 0
52609 3 274 0
52610 0 166 1
52611 2 532 7
52612 0 15 0
52613 0 72 0
52614 0 34 0
52615 0 43 0
52700 0 24 0
52701 4 95 8
52702 3 19 3
52703 0 18 0
52704 0 22 0
52705 0 417 0
52706 0 20 0
52707 0 63 0
52708 77 1177 96
52709 0 30 1
52710 2 308 0
52711 0 46 0
52712 139 66 1
52713 4 46 0
52714 0 54 0
52715 0 26 0
52800 0 53 0
52801 1 68 0
52802 0 19 0
52803 0 50 0
52804 0 32 0
52805 3 19 1
52806 1 40 0
52807 3 59 0
52808 0 11 0
52809 0 62 0
52810 0 244 0
52811 0 25 0
52812 0 101 0
52813 5 15 0
52814 0 250 0
52815 0 24 0
52900 0 33 0
52901 10 187 3
52902 0 17 0
52903 10 60 0
52904 0 12 0
52905 0 125 0
52906 0 25 0
52907 0 77 0
52908 0 83 0
52909 0 22 0
52910 0 569 3
52911 32 79 0
52912 0 116 0
52913 0 99 0
52914 0 157 0
52915 0 124 2
53000 0 25 0
53001 0 168 0
53002 8 596 34
53003 0 32 0
53004 0 21 0
53005 0 19 0
53006 5 155 35
53007 0 14 0
53008 0 15 0
53009 0 99 0
53010 0 10 0
53011 0 22 0
53012 0 60 0
53013 0 10 0
53014 0 37 0
53015 0 172 0
53100 0 10 0
53101 0 25 0
53102 0 371 0
53103 0 26 0
53104 0 1239 0
53105 0 20 0
53106 0 32 0
53107 6 55 0
53108 18 175 13
53109 0 56 0
53110 2 12 0
53111 0 20 0
53112 0 21 0
53113 0 197 0
53114 0 15 0
53115 0 13 0
53200 0 18 0
53201 3 123 0
53202 0 89 0
53203 0 82 0
53204 3 59 0
53205 0 13 1
53206 0 5 0
53207 0 20 0
53208 0 14 0
53209 0 32 0
53210 0 63 0
53211 11 46 0
53212 0 10 0
53213 0 61 0
53214 0 4 0
53215 0 28 0
53300 0 104 0
53301 0 378 12
53302 0 18 0
53303 0 40 0
53304 9 33 6
53305 6 354 1
53306 0 19 0
53307 0 25 0
53308 0 22 1
53309 0 36 0
53310 0 92 0
53311 0 28 0
53312 0 53 0
53313 0 30 0
53314 0 9 0
53315 2 14 0
53400 1 92 0
53401 0 19 0
53402 0 291 0
53403 0 92 0
53404 0 317 0
53405 0 25 0
53406 0 18 0
53407 0 73 0
53408 0 19 0
53409 0 11 0
53410 0 105 0
53411 0 29 0
53412 0 90 0
53413 0 74 0
53414 0 47 0
53415 0 25 0
53500 0 34 0
53501 0 37 0
53502 0 22 0
53503 0 257 0
53504 3 106 0
53505 0 28 0
53506 1 38 0
53507 0 21 0
53508 0 37 0
53509 1 61 2
53510 24 118 4
53511 4 99 0
53512 0 8 0
53513 23 59 2
53514 3 41 0
53515 0 40 0
53600 0 19 0
53601 0 20 0
53602 0 11 0
53603 1 82 1
53604 0 107 0
53605 19 41 2
53606 0 57 0
53607 2 15 1
53608 19 180 11
53609 0 8 0
53610 0 15 0
53611 0 1683 0
53612 0 21 0
53613 0 75 0
53614 44 288 8
53615 0 42 0
53700 0 66 0
53701 0 32 0
53702 141 1970 134
53703 0 193 0
53704 0 26 0
53705 0 37 0
53706 16 82 2
53707 0 83 0
53708 0 36 0
53709 0 120 0
53710 0 5 0
53711 1 60 0
53712 0 23 0
53713 0 167 1
53714 719 3330 6
53715 0 410 0
53800 0 21 0
53801 0 30 0
53802 5 43 2
53803 104 2506 11
53804 65 57 1
53805 0 32 0
53806 0 82 0
53807 0 17 0
53808 0 36 0
53809 0 253 0
53810 0 42 0
53811 8 22 2
53812 0 20 0
53813 0 14 0
53814 8 73 0
53815 0 20 0
53900 0 14 0
53901 0 26 0
53902 2 17 0
53903 0 10 0
53904 2 291 0
53905 0 31 1
53906 0 27 0
53907 25 264 2
53908 0 10 0
53909 0 22 0
53910 50 93 6
53911 0 24 0
53912 34 93 6
53913 0 56 1
53914 0 84 0
53915 0 175 0
54000 6 126 0
54001 0 40 0
54002 0 16 0
54003 0 47 0
54004 11 192 1
54005 0 41 0
54006 0 39 0
54007 0 17 0
54008 33 163 10
54009 0 84 0
54010 0 9 0
54011 1 163 1
54012 0 21 0
54013 0 15 0
54014 0 27 0
54015 0 25 0
54100 0 21 0
54101 0 62 0
54102 0 783 26
54103 0 76 0
54104 0 85 0
54105 0 38 0
54106 0 106 0
54107 0 18 0
54108 0 66 0
54109 0 24 0
54110 0 23 0
54111 0 46 0
54112 0 8 0
54113 0 19 0
54114 0 28 0
54115 0 18 0
54200 0 52 0
54201 0 42 0
54202 32 52 5
54203 0 433 0
54204 0 31 0
54205 1 29 0
54206 0 116 0
54207 4 65 0
54208 0 331 0
54209 0 49 0
54210 0 57 0
54211 0 14 0
54212 1 62 0
54213 0 38 0
54214 0 25 0
54215 0 29 0
54300 20 216 4
54301 0 18 0
54302 0 42 0
54303 125 5152 67
54304 6 11 1
54305 0 63 0
54306 6 22 2
54307 0 20 0
54308 0 17 0
54309 3 3048 26
54310 11 23 2
54311 0 13 0
54312 0 28 0
54313 0 13 0
54314 16 104 10
54315 0 80 0
54400 0 25 0
54401 0 27 0
54402 51 9289 52
54403 0 51 0
54404 0 14 0
54405 9 516 0
54406 0 29 0
54407 1 48 1
54408 0 36 0
54409 0 15 0
54410 0 33 0
54411 0 48 0
54412 0 94 0
54413 0 68 0
54414 0 40 0
54415 0 22 0
54500 0 19 0
54501 0 16 0
54502 0 14 0
54503 0 44 0
54504 0 38 0
54505 0 201 0
54506 0 216 0
54507 0 26 0
54508 1 37 0
54509 0 23 0
54510 0 38 0
54511 0 40 0
54512 0 35 0
54513 0 77 0
54514 0 28 0
54515 1 25 0
54600 0 12 0
54601 0 56 0
54602 71 357 27
54603 1 30 0
54604 0 41 0
54605 4 68 0
54606 0 43 0
54607 0 28 0
54608 0 25 1
54609 0 92 1
54610 0 20 0
54611 2 25 0
54612 0 24 1
54613 0 6 0
54614 0 23 0
54615 0 16 0
54700 0 10 0
54701 5 382 0
54702 0 121 0
54703 0 47 0
54704 0 19 0
54705 0 59 0
54706 19 438 9
54707 0 38 0
54708 0 15 0
54709 0 14 0
54710 0 29 0
54711 1 23 2
54712 0 58 0
54713 0 22 0
54714 1 98 5
54715 4 157 1
54800 0 121 5
54801 0 42 1
54802 0 13 0
54803 0 8 0
54804 1 245 0
54805 0 24 0
54806 0 150 2
54807 1 371 1
54808 6 447 3
54809 1490 102 5
54810 1 459 2
54811 8 72 1
54812 0 37 0
54813 0 14 0
54814 2 55 0
54815 0 67 0
54900 0 24 0
54901 0 45 0
54902 0 12 0
54903 0 22 0
54904 2 23 0
54905 0 12 0
54906 0 49 0
54907 0 17 0
54908 0 31 0
54909 1 93 1
54910 0 51 0
54911 6 66 1
54912 0 72 0
54913 0 36 0
54914 0 59 0
54915 0 18 0
55000 1 49 0
55001 0 55 0
55002 49 359 0
55003 16 45 1
55004 0 43 0
55005 0 7 0
55006 0 20 0
55007 1 117 2
55008 0 162 0
55009 97 282 5
55010 0 237 3
55011 0 41 0
55012 6 14 2
55013 191 1669 55
55014 0 26 0
55015 0 40 0
55100 0 29 0
55101 0 22 0
55102 0 15 0
55103 1 3 0
55104 0 67 0
55105 0 14 0
55106 54 280 6
55107 0 35 0
55108 0 51 0
55109 0 21 0
55110 0 23 0
55111 0 42 0
55112 0 74 0
55113 0 56 0
55114 0 18 0
55115 0 111 0
55200 0 44 0
55201 0 54 0
55202 0 101 0
55203 0 23 0
55204 0 26 0
55205 10 118 20
55206 1 69 2
55207 3 806 6
55208 0 31 0
55209 0 23 0
55210 0 21 0
55211 0 35 0
55212 5 118 3
55213 0 25 0
55214 0 38 0
55215 0 43 0
55300 0 57 0
55301 0 29 0
55302 5 16 0
55303 3 91 0
55304 0 66 0
55305 4 17 1
55306 0 16 0
55307 0 15 0
55308 7 162 0
55309 0 10 0
55310 5 139 0
55311 17 94 6
55312 0 27 0
55313 0 18 0
55314 0 37 0
55315 0 51 0
55400 0 17 0
55401 0 33 0
55402 0 21 0
55403 0 35 0
55404 0 41 0
55405 3 101 0
55406 0 8 0
55407 1 16 0
55408 0 33 0
55409 28 248 11
55410 0 38 0
55411 0 55 0
55412 28 99 1
55413 0 51 1
55414 8 88 0
55415 2 126 4
55500 4 117 3
55501 0 94 1
55502 0 36 0
55503 0 31 0
55504 0 151 0
55505 0 12 0
55506 0 139 0
55507 0 15 0
55508 0 96 0
55509 0 36 0
55510 0 32 0
55511 4 193 1
55512 0 399 0
55513 0 32 0
55514 0 59 0
55515 0 22 0
55600 0 18 0
55601 3 307 2
55602 0 56 0
55603 1 49 0
55604 11 65 0
55605 0 56 0
55606 0 10 0
55607 0 47 0
55608 3 42 1
55609 0 15 0
55610 0 65 0
55611 0 16 0
55612 0 60 0
55613 0 151 0
55614 2 50 1
55615 0 47 0
55700 0 38 0
55701 0 27 0
55702 0 4 0
55703 0 105 0
55704 0 18 0
55705 0 10 0
55706 0 34 0
55707 0 46 0
55708 0 15 0
55709 0 6 0
55710 72 398 39
55711 0 55 0
55712 0 134 0
55713 0 84 0
55714 7 105 2
55715 1 32 0
55800 0 30 0
55801 4 48 6
55802 2 541 1
55803 0 187 0
55804 0 79 0
55805 0 102 2
55806 6 82 0
55807 0 12 0
55808 0 52 0
55809 0 17 0
55810 0 60 0
55811 0 130 0
55812 11 459 10
55813 10 388 4
55814 1 55 0
55815 36 584 12
55900 0 23 0
55901 0 71 0
55902 0 107 0
55903 0 23 0
55904 4 927 1
55905 0 31 0
55906 26 145 9
55907 18 214 4
55908 0 7 0
55909 0 23 0
55910 12 441 2
55911 0 41 0
55912 0 60 0
55913 0 334 0
55914 0 7 0
55915 4 65 0
56000 0 13 0
56001 0 6 0
56002 0 77 0
56003 0 410 0
56004 0 32 0
56005 0 47 0
56006 0 15 0
56007 0 6 0
56008 0 173 0
56009 0 45 0
56010 0 32 0
56011 0 101 0
56012 0 14 0
56013 0 19 0
56014 3 19 1
56015 0 35 0
56100 7 26 0
56101 32 188 3
56102 0 16 0
56103 0 120 16
56104 0 22 0
56105 0 53 0
56106 0 79 0
56107 0 24 0
56108 3 61 1
56109 0 34 0
56110 0 20 0
56111 0 366 0
56112 0 33 0
56113 0 33 0
56114 0 25 0
56115 0 106 0
56200 310 27 4
56201 1 12 1
56202 2 51 0
56203 0 33 0
56204 0 64 0
56205 0 72 2
56206 0 26 0
56207 0 112 0
56208 0 29 0
56209 0 48 0
56210 0 18 0
56211 0 49 0
56212 0 225 0
56213 0 15 0
56214 0 74 0
56215 0 15 0
56300 3 47 0
56301 0 36 0
56302 0 23 0
56303 0 20 0
56304 72 1113 56
56305 0 18 0
56306 0 4 0
56307 0 25 0
56308 0 21 0
56309 0 19 0
56310 39 424 29
56311 0 21 0
56312 0 12 0
56313 0 51 4
56314 0 72 0
56315 0 14 0
56400 2 42 1
56401 0 394 0
56402 0 70 0
56403 1 51 0
56404 0 90 1
56405 0 12 0
56406 0 40 0
56407 0 428 0
56408 0 16 0
56409 0 50 0
56410 0 62 0
56411 0 26 0
56412 0 31 7
56413 0 3 0
56414 32 60 4
56415 0 28 0
56500 0 96 0
56501 0 24 0
56502 14 1259 12
56503 0 21 0
56504 0 14 0
56505 0 346 222
56506 0 22 0
56507 1 16 1
56508 67 1193 144
56509 145 1514 99
56510 0 22 0
56511 1 92 0
56512 0 28 0
56513 6 38 0
56514 0 36 0
56515 4 135 0
56600 3 143 0
56601 0 30 0
56602 0 114 1
56603 4 98 0
56604 0 135 0
56605 0 9 0
56606 3 79 1
56607 44 371 5
56608 6 94 2
56609 0 11 0
56610 0 13 0
56611 0 63 3
56612 0 27 0
56613 0 104 0
56614 0 18 0
56615 0 24 0
56700 0 22 0
56701 0 49 0
56702 0 10 0
56703 0 683 0
56704 1 126 1
56705 13 135 3
56706 13 36 1
56707 10 595 3
56708 0 14 0
56709 0 24 0
56710 3 68 0
56711 0 17 0
56712 0 22 0
56713 0 24 0
56714 0 61 0
56715 2 31 1
56800 0 21 0
56801 0 10 0
56802 0 32 0
56803 0 6 0
56804 0 74 0
56805 1 54 0
56806 0 26 0
56807 0 98 0
56808 2 56 0
56809 1 29 0
56810 0 45 0
56811 0 100 1
56812 0 34 0
56813 0 114 0
56814 0 12 0
56815 0 31 0
56900 1 128 0
56901 0 65 0
56902 0 24 0
56903 0 23 0
56904 0 59 0
56905 0 9 0
56906 0 68 0
56907 8 20 0
56908 0 22 0
56909 0 12 0
56910 0 111 0
56911 0 11 0
56912 5 28 1
56913 54 208 17
56914 0 24 0
56915 0 144 0
57000 0 89 0
57001 4 247 4
57002 0 27 0
57003 0 27 0
57004 0 49 0
57005 0 48 0
57006 0 2 0
57007 0 354 51
57008 0 13 0
57009 168 312 129
57010 0 19 0
57011 0 32 0
57012 5 68 4
57013 0 38 0
57014 3 84 0
57015 0 3 0
57100 0 48 0
57101 0 267 0
57102 0 52 0
57103 0 84 0
57104 64 1867 93
57105 0 50 0
57106 1 26 0
57107 0 19 0
57108 0 19 0
57109 9 19 3
57110 0 21 0
57111 31 295 3
57112 0 24 0
57113 0 23 0
57114 0 48 0
57115 0 9 0
57200 0 17 0
57201 0 160 0
57202 3 551 1
57203 0 219 0
57204 0 17 0
57205 0 9 0
57206 6 323 3
57207 0 28 0
57208 0 76 0
57209 0 47 0
57210 0 16 0
57211 0 11 0
57212 0 25 0
57213 26 241 2
57214 0 21 0
57215 0 32 0
57300 0 230 0
57301 0 147 0
57302 0 17 0
57303 20 171 2
57304 0 210 0
57305 16 411 7
57306 0 47 0
57307 1 31 1
57308 0 24 0
57309 0 24 0
57310 4 106 3
57311 2 48 1
57312 8 32 4
57313 0 170 0
57314 0 24 0
57315 1 271 2
57400 0 44 0
57401 0 14 1
57402 0 12 0
57403 0 16 0
57404 0 60 0
57405 0 15 0
57406 7 38 2
57407 0 25 0
57408 0 59 0
57409 0 50 0
57410 0 42 0
57411 1 51 4
57412 0 41 0
57413 10 92 0
57414 0 46 0
57415 0 189 0
57500 9 152 1
57501 0 39 0
57502 0 44 0
57503 0 6 0
57504 0 13 0
57505 72 245 4
57506 0 101 0
57507 3 79 2
57508 3 16 2
57509 0 26 0
57510 70 633 3
57511 0 30 0
57512 0 20 0
57513 1 113 0
57514 0 11 0
57515 0 22 0
57600 29 66 13
57601 0 66 0
57602 0 29 0
57603 0 21 0
57604 0 33 0
57605 0 20 0
57606 0 38 0
57607 0 56 0
57608 0 66 0
57609 0 21 0
57610 0 44 0
57611 0 94 0
57612 115 424 25
57613 0 26 0
57614 8 122 34
57615 0 13 0
57700 0 37 0
57701 8 189 1
57702 0 22 0
57703 0 14 0
57704 0 47 0
57705 0 103 0
57706 1 27 0
57707 0 13 0
57708 2 39 0
57709 0 30 0
57710 26 216 14
57711 0 23 0
57712 0 183 0
57713 0 317 0
57714 0 86 0
57715 0 23 0
57800 0 85 0
57801 0 19 0
57802 6 184 3
57803 0 6 0
57804 0 17 0
57805 5 75 2
57806 0 12 0
57807 0 17 0
57808 0 255 2
57809 4 204 0
57810 0 9 2
57811 0 44 2
57812 0 7 0
57813 5 57 0
57814 0 162 0
57815 0 211 0
57900 0 17 0
57901 0 18 0
57902 0 225 0
57903 0 5 0
57904 0 59 0
57905 0 29 0
57906 43 500 14
57907 9 71 18
57908 0 17 0
57909 3 32 1
57910 0 126 0
57911 5 52 0
57912 0 1548 0
57913 2 89 1
57914 25 142 22
57915 0 40 0
58000 0 78 0
58001 0 44 0
58002 2 28 0
58003 0 31 0
58004 0 60 0
58005 0 227 0
58006 0 19 0
58007 0 33 0
58008 0 50 0
58009 8 22 1
58010 1 89 0
58011 116 1365 50
58012 0 27 0
58013 0 17 0
58014 0 20 0
58015 0 48 0
58100 0 24 2
58101 0 52 0
58102 0 32 0
58103 0 14 0
58104 2 15 0
58105 0 12 0
58106 0 103 0
58107 0 17 0
58108 0 63 0
58109 5 27 0
58110 0 36 0
58111 0 12 0
58112 0 56 0
58113 0 89 0
58114 0 43 0
58115 0 13 0
58200 0 160 0
58201 0 9 0
58202 1 87 1
58203 0 26 0
58204 0 47 0
58205 4 84 0
58206 29 163 8
58207 0 13 0
58208 3 28 0
58209 0 29 0
58210 78 223 5
58211 2 39 1
58212 0 14 0
58213 0 37 0
58214 0 14 0
58215 0 19 0
58300 0 36 0
58301 0 25 0
58302 0 28 0
58303 0 11 0
58304 0 266 0
58305 1 24 0
58306 0 77 0
58307 0 28 0
58308 0 43 0
58309 0 40 0
58310 0 80 0
58311 0 10 0
58312 13 82 0
58313 0 58 0
58314 0 41 0
58315 8 26 3
58400 0 100 0
58401 0 69 0
58402 0 45 0
58403 0 45 0
58404 0 21 0
58405 0 36 0
58406 0 14 0
58407 0 57 0
58408 1 150 1
58409 0 8 0
58410 6 77 5
58411 0 33 0
58412 0 2 0
58413 0 10 0
58414 0 23 0
58415 0 36 0
58500 0 91 0
58501 27 303 2
58502 6 27 0
58503 2 55 1
58504 0 44 0
58505 0 15 0
58506 0 12 0
58507 0 18 0
58508 1 212 0
58509 0 79 0
58510 0 67 0
58511 0 313 0
58512 0 19 0
58513 0 66 0
58514 12 107 1
58515 0 24 0
58600 0 30 0
58601 7 89 2
58602 0 29 0
58603 0 13 0
58604 26 226 6
58605 3 101 1
58606 2 75 0
58607 0 17 0
58608 0 62 1
58609 0 16 0
58610 0 29 0
58611 0 34 0
58612 0 6 0
58613 58 903 34
58614 0 92 0
58615 0 15 0
58700 0 123 0
58701 0 32 0
58702 0 26 0
58703 0 76 0
58704 0 13 0
58705 1 167 2
58706 2 47 0
58707 0 24 0
58708 1 36 0
58709 3 154 5
58710 0 20 0
58711 0 74 0
58712 6 71 0
58713 0 111 0
58714 1 42 0
58715 0 48 0
58800 0 115 0
58801 0 11 0
58802 0 282 0
58803 0 96 0
58804 1 58 0
58805 29 419 31
58806 2 20 0
58807 0 13 0
58808 0 43 0
58809 0 22 0
58810 0 29 0
58811 0 74 0
58812 0 48 0
58813 0 37 0
58814 10 103 2
58815 0 66 0
58900 0 234 0
58901 0 17 2
58902 3 52 1
58903 0 55 0
58904 0 56 2
58905 2 15 0
58906 0 41 0
58907 0 26 0
58908 0 42 0
58909 0 15 0
58910 0 147 0
58911 0 50 0
58912 26 45 0
58913 0 27 0
58914 1 62 0
58915 0 19 0
59000 0 236 0
59001 98 931 112
59002 0 18 0
59003 13 71 3
59004 1 68 2
59005 0 17 0
59006 0 12 0
59007 0 149 13
59008 0 28 0
59009 0 25 0
59010 0 229 0
59011 66 68 8
59012 17 21 0
59013 2 116 0
59014 0 29 0
59015 2 5 0
59100 0 28 0
59101 0 21 0
59102 1 40 1
59103 0 51 0
59104 0 24 0
59105 0 11 0
59106 0 20 0
59107 0 19 0
59108 0 32 1
59109 0 70 0
59110 0 11 0
59111 0 141 0
59112 1 49 0
59113 5 67 1
59114 0 44 0
59115 0 22 0
59200 0 129 1
59201 0 51 0
59202 0 257 0
59203 0 41 0
59204 1 27 1
59205 0 20 0
59206 0 14 0
59207 3 57 0
59208 0 82 0
59209 0 51 0
59210 0 84 0
59211 0 22 0
59212 0 43 0
59213 0 31 0
59214 0 15 0
59215 0 11 0
59300 0 46 0
59301 0 87 0
59302 0 278 0
59303 19 90 1
59304 0 21 0
59305 14 24 3
59306 0 23 0
59307 0 243 0
59308 2 63 1
59309 0 32 0
59310 0 37 0
59311 0 37 0
59312 0 36 0
59313 2 45 1
59314 0 18 0
59315 1 28 1
59400 0 31 0
59401 0 46 0
59402 0 35 0
59403 0 21 0
59404 0 206 0
59405 0 37 0
59406 0 16 0
59407 0 33 0
59408 0 553 0
59409 0 64 0
59410 0 57 0
59411 0 30 0
59412 0 625 0
59413 0 14 0
59414 0 22 0
59415 0 28 0
59500 0 78 0
59501 0 43 0
59502 0 18 0
59503 0 23 0
59504 0 45 0
59505 0 9 0
59506 0 29 0
59507 0 34 0
59508 0 14 0
59509 0 21 0
59510 6 63 6
59511 0 256 0
59512 0 18 0
59513 0 17 0
59514 0 13 0
59515 3 169 1
59600 0 20 0
59601 0 87 0
59602 0 112 0
59603 0 38 0
59604 7 258 1
59605 19 164 6
59606 0 259 0
59607 3 233 1
59608 0 13 0
59609 12 686 22
59610 12 65 0
59611 0 36 0
59612 0 75 0
59613 0 136 0
59614 0 61 0
59615 0 22 0
59700 0 12 0
59701 0 21 0
59702 0 178 0
59703 2 25 0
59704 0 27 0
59705 21 92 70
59706 0 37 0
59707 0 26 0
59708 0 261 4
59709 0 12 0
59710 36 238 11
59711 0 15 0
59712 0 28 0
59713 0 30 0
59714 0 22 0
59715 0 354 0
59800 0 59 1
59801 5 12 1
59802 1 44 1
59803 57 650 6
59804 0 112 0
59805 71 171 1
59806 0 25 0
59807 0 71 0
59808 0 76 0
59809 0 21 0
59810 19 206 8
59811 1 109 2
59812 0 652 0
59813 3 140 1
59814 2 108 19
59815 1 17 1
59900 0 47 0
59901 0 92 4
59902 0 29 0
59903 0 22 0
59904 0 18 0
59905 1 61 0
59906 12 404 4
59907 0 10 0
59908 0 4 0
59909 0 45 0
59910 0 59 0
59911 0 42 0
59912 0 17 0
59913 0 126 8
59914 0 38 0
59915 0 53 0
60000 0 31 0
