10001 118 792 11
10002 0 30 0
10003 0 110 0
10004 0 35 0
10005 0 26 0
10006 95 43 2
10007 0 495 0
10008 0 265 0
10009 0 109 0
10010 0 10 0
10011 0 46 0
10012 13 415 1
10013 0 57 0
10014 31 236 0
10015 0 24 0
10100 0 26 0
10101 0 18 0
10102 5 66 2
10103 0 140 0
10104 0 32 0
10105 0 32 0
10106 0 90 0
10107 4 94 0
10108 0 12 0
10109 0 16 0
10110 2 62 1
10111 11 77 3
10112 13 87 19
10113 0 96 0
10114 5 748 0
10115 0 14 0
10200 0 7 0
10201 0 21 0
10202 0 166 0
10203 0 60 1
10204 0 8 0
10205 0 19 0
10206 0 34 0
10207 0 107 0
10208 0 14 0
10209 0 57 0
10210 13 9 2
10211 29 31 1
10212 6 51 0
10213 0 26 0
10214 0 78 0
10215 0 38 0
10300 0 73 0
10301 0 27 0
10302 0 66 0
10303 0 8 0
10304 3 30 1
10305 0 21 0
10306 0 154 0
10307 0 48 0
10308 0 48 0
10309 0 40 0
10310 0 21 0
10311 0 49 0
10312 0 199 0
10313 0 85 0
10314 0 48 0
10315 0 103 1
10400 0 50 0
10401 4 89 20
10402 0 22 0
10403 0 114 0
10404 14 113 1
10405 0 10 0
10406 11 18 0
10407 10 198 1
10408 0 73 0
10409 0 35 0
10410 0 44 0
10411 0 72 0
10412 0 55 0
10413 2 8 0
10414 21 228 6
10415 0 68 0
10500 26 12 0
10501 0 76 0
10502 0 40 0
10503 0 147 11
10504 20 58 1
10505 0 48 0
10506 0 43 0
10507 0 14 0
10508 26 199 0
10509 0 12 0
10510 0 82 0
10511 1 404 1
10512 0 41 0
10513 0 40 0
10514 0 50 0
10515 2 166 13
10600 0 23 0
10601 1 78 1
10602 0 96 0
10603 0 33 0
10604 0 18 0
10605 1 20 1
10606 0 23 0
10607 0 49 0
10608 0 23 0
10609 0 48 0
10610 0 14 0
10611 0 124 0
10612 0 26 0
10613 0 90 0
10614 0 55 0
10615 0 41 0
10700 0 46 0
10701 0 59 0
10702 0 72 0
10703 0 23 0
10704 16 248 4
10705 0 116 0
10706 0 55 0
10707 0 20 0
10708 1 176 4
10709 170 452 47
10710 0 18 0
10711 0 121 0
10712 0 28 0
10713 0 213 0
10714 13 208 3
10715 0 43 0
10800 18 71 6
10801 0 29 0
10802 1 212 0
10803 0 28 0
10804 0 78 0
10805 0 16 0
10806 0 29 0
10807 3 109 2
10808 3 69 3
10809 0 24 0
10810 0 11 0
10811 0 37 0
10812 0 232 0
10813 0 378 0
10814 0 37 0
10815 0 99 0
10900 0 162 0
10901 0 74 0
10902 0 934 0
10903 5 35 0
10904 0 46 0
10905 0 182 0
10906 0 24 0
10907 0 207 1
10908 0 48 0
10909 0 53 0
10910 0 153 0
10911 9 226 7
10912 0 39 0
10913 7 103 2
10914 0 35 0
10915 2 93 0
11000 0 44 0
11001 0 16 0
11002 2 76 3
11003 0 21 0
11004 0 24 0
11005 0 30 0
11006 0 25 0
11007 0 111 0
11008 0 4 0
11009 0 73 2
11010 0 40 0
11011 0 98 0
11012 0 33 0
11013 0 118 0
11014 0 10 0
11015 0 11 0
11100 2 25 1
11101 0 24 0
11102 0 50 0
11103 110 363 39
11104 0 64 0
11105 46 360 1
11106 25 36 1
11107 2 31 1
11108 0 28 0
11109 15 47 0
11110 4 17 0
11111 0 62 1
11112 0 223 13
11113 0 47 0
11114 0 55 0
11115 0 20 0
11200 0 82 0
11201 5 90 1
11202 0 7 0
11203 0 41 0
11204 48 26 0
11205 0 26 0
11206 0 14 0
11207 1 48 0
11208 0 39 0
11209 0 25 0
11210 0 25 0
11211 0 19 3
11212 0 50 0
11213 25 11 2
11214 0 19 0
11215 0 96 0
11300 1 22 0
11301 0 45 0
11302 28 189 6
11303 0 23 0
11304 0 58 0
11305 1 111 5
11306 0 85 0
11307 3 28 0
11308 1 128 0
11309 0 23 0
11310 0 47 0
11311 0 78 0
11312 0 34 0
11313 0 48 0
11314 0 123 0
11315 0 3 0
11400 1 10 0
11401 0 34 0
11402 0 118 4
11403 0 12 0
11404 0 46 0
11405 0 144 1
11406 0 22 0
11407 0 4 0
11408 0 16 0
11409 0 20 0
11410 0 12 0
11411 0 18 0
11412 0 136 0
11413 0 75 0
11414 0 11 0
11415 0 203 2
11500 9 106 0
11501 0 32 0
11502 0 15 0
11503 0 28 0
11504 5 157 0
11505 0 40 1
11506 4 75 0
11507 0 113 2
11508 0 133 0
11509 0 30 0
11510 0 95 0
11511 0 27 0
11512 0 122 0
11513 0 23 0
11514 0 118 0
11515 0 53 0
11600 0 102 0
11601 0 35 0
11602 0 133 0
11603 0 7 0
11604 1 43 0
11605 0 5 0
11606 0 178 0
11607 0 32 0
11608 0 29 0
11609 0 77 0
11610 0 50 0
11611 7 33 0
11612 0 106 0
11613 0 45 0
11614 0 51 0
11615 0 25 0
11700 1 11 0
11701 0 23 0
11702 24 74 2
11703 1 47 0
11704 0 86 0
11705 0 14 0
11706 0 24 1
11707 0 25 0
11708 0 22 0
11709 0 18 0
11710 0 15 0
11711 0 51 0
11712 68 1913 32
11713 6 38 3
11714 0 16 0
11715 0 9 0
11800 0 60 0
11801 0 15 0
11802 0 151 0
11803 3 16 2
11804 0 42 0
11805 0 55 0
11806 5 87 20
11807 20 44 0
11808 0 11 0
11809 1 29 0
11810 0 7 0
11811 0 8 0
11812 0 28 0
11813 10 63 2
11814 0 48 0
11815 0 46 0
11900 0 14 0
11901 0 65 0
11902 0 27 0
11903 7 159 2
11904 0 593 0
11905 0 18 0
11906 0 69 0
11907 0 18 0
11908 0 45 0
11909 0 77 0
11910 0 30 0
11911 0 69 0
11912 0 134 0
11913 3 266 0
11914 0 53 1
11915 1 70 15
12000 8 24 0
12001 19 70 0
12002 2 47 1
12003 0 291 2
12004 0 38 0
12005 0 83 0
12006 0 32 0
12007 0 19 0
12008 117 65 1
12009 0 30 0
12010 21 650 44
12011 48 110 9
12012 0 80 0
12013 3 191 0
12014 7 109 0
12015 0 36 0
12100 0 18 0
12101 0 19 0
12102 3 42 1
12103 0 17 0
12104 0 7 0
12105 0 95 0
12106 0 29 0
12107 0 23 0
12108 0 44 0
12109 0 7 0
12110 0 111 0
12111 0 64 0
12112 0 11 0
12113 1 16 0
12114 0 57 1
12115 0 16 0
12200 0 23 0
12201 0 28 0
12202 0 103 0
12203 0 47 0
12204 0 39 0
12205 0 102 0
12206 24 16 0
12207 0 41 0
12208 0 16 2
12209 1 20 0
12210 0 36 0
12211 0 39 0
12212 3 445 2
12213 9 56 0
12214 0 105 0
12215 0 121 0
12300 0 31 0
12301 0 78 0
12302 0 40 0
12303 0 27 0
12304 0 38 0
12305 1 27 0
12306 0 71 0
12307 0 99 1
12308 0 16 0
12309 0 71 0
12310 26 67 2
12311 1 40 0
12312 13 49 2
12313 0 26 0
12314 0 99 0
12315 0 27 0
12400 0 237 0
12401 0 18 0
12402 0 20 0
12403 0 98 0
12404 0 37 0
12405 0 63 0
12406 0 46 0
12407 0 29 0
12408 0 15 0
12409 0 20 0
12410 0 16 0
12411 8 334 14
12412 0 65 0
12413 0 112 0
12414 1 12 0
12415 2 49 1
12500 0 71 2
12501 21 39 7
12502 0 14 0
12503 191 944 124
12504 0 19 0
12505 0 42 0
12506 0 31 0
12507 0 46 0
12508 0 15 0
12509 0 19 0
12510 9 790 4
12511 0 56 0
12512 0 35 21
12513 0 18 0
12514 2 233 0
12515 0 72 0
12600 1 82 0
12601 2 36 0
12602 0 52 0
12603 0 14 0
12604 3 61 1
12605 3 92 1
12606 0 43 0
12607 6 28 3
12608 0 50 0
12609 0 25 0
12610 0 29 0
12611 0 115 0
12612 0 8 0
12613 0 76 0
12614 0 18 0
12615 0 46 0
12700 0 70 0
12701 0 43 0
12702 0 17 0
12703 0 54 0
12704 0 129 0
12705 0 16 0
12706 13 81 0
12707 0 45 0
12708 0 10 0
12709 1 371 2
12710 0 16 0
12711 0 50 1
12712 0 20 0
12713 0 35 0
12714 0 36 0
12715 5 30 1
12800 0 80 0
12801 1 145 0
12802 0 242 0
12803 5 18 1
12804 0 66 0
12805 0 16 0
12806 0 56 0
12807 0 33 0
12808 0 32 0
12809 0 27 0
12810 0 12 0
12811 8 471 3
12812 1 374 1
12813 11 60 3
12814 0 14 0
12815 0 144 0
12900 0 203 0
12901 0 27 0
12902 0 36 0
12903 0 47 0
12904 0 26 0
12905 0 44 0
12906 0 72 0
12907 0 57 0
12908 5 52 3
12909 0 38 0
12910 0 59 0
12911 0 10 0
12912 0 115 0
12913 0 14 0
12914 0 170 0
12915 0 374 0
13000 0 6 0
13001 0 24 0
13002 0 2 0
13003 0 695 18
13004 0 41 0
13005 5 151 1
13006 10 211 3
13007 0 41 0
13008 0 29 1
13009 0 55 0
13010 0 20 0
13011 0 21 0
13012 0 74 0
13013 0 23 0
13014 0 76 0
13015 0 29 0
13100 0 67 0
13101 0 80 0
13102 0 26 0
13103 0 57 0
13104 0 68 0
13105 26 436 26
13106 0 73 0
13107 0 68 1
13108 0 146 0
13109 0 7 0
13110 0 19 0
13111 0 27 0
13112 0 66 0
13113 0 72 0
13114 0 142 0
13115 0 29 0
13200 110 1968 81
13201 0 237 0
13202 0 10 0
13203 0 110 0
13204 0 33 0
13205 0 41 0
13206 0 51 0
13207 0 52 0
13208 35 104 0
13209 3 28 0
13210 0 194 0
13211 0 50 0
13212 0 12 0
13213 0 110 0
13214 0 94 0
13215 25 276 28
13300 0 66 0
13301 0 55 0
13302 0 15 0
13303 0 41 0
13304 0 24 0
13305 2 31 0
13306 0 42 0
13307 3 40 0
13308 12 96 0
13309 10 100 6
13310 0 15 0
13311 23 141 6
13312 0 138 0
13313 0 17 0
13314 0 19 0
13315 0 32 0
13400 2 132 3
13401 11 375 25
13402 0 10 0
13403 0 40 0
13404 0 25 0
13405 0 41 0
13406 3 116 0
13407 0 62 0
13408 0 31 0
13409 6 17 0
13410 14 47 0
13411 0 29 0
13412 59 311 4
13413 0 49 0
13414 0 131 0
13415 0 4 0
13500 0 27 0
13501 0 65 1
13502 0 49 0
13503 1 82 0
13504 0 22 0
13505 0 9 0
13506 0 7 0
13507 31 131 3
13508 0 37 0
13509 0 19 0
13510 0 16 1
13511 34 1025 10
13512 0 16 0
13513 0 31 0
13514 1 28 0
13515 0 41 0
13600 19 211 3
13601 0 32 0
13602 0 13 0
13603 0 305 0
13604 0 69 0
13605 0 17 0
13606 0 12 0
13607 126 417 21
13608 0 17 0
13609 0 59 0
13610 0 11 0
13611 4 114 0
13612 0 16 0
13613 1 20 0
13614 0 23 0
13615 0 176 0
13700 0 131 0
13701 0 76 0
13702 0 45 0
13703 0 31 0
13704 1 92 0
13705 0 40 0
13706 23 329 4
13707 0 17 0
13708 0 263 0
13709 0 30 0
13710 0 72 0
13711 0 28 0
13712 0 33 0
13713 0 211 0
13714 0 27 0
13715 0 101 0
13800 11 402 0
13801 0 187 0
13802 423 1073 172
13803 0 39 0
13804 0 18 0
13805 0 54 0
13806 0 26 0
13807 0 38 0
13808 0 126 0
13809 0 38 0
13810 0 38 0
13811 0 45 0
13812 0 60 0
13813 0 60 0
13814 0 71 0
13815 20 45 0
13900 4 407 1
13901 11 90 1
13902 0 104 2
13903 0 18 0
13904 2 46 0
13905 0 15 0
13906 0 43 0
13907 0 42 0
13908 0 13 0
13909 0 36 0
13910 0 150 0
13911 0 37 0
13912 87 643 7
13913 0 92 0
13914 11 346 5
13915 0 28 0
14000 0 111 0
14001 2 170 0
14002 0 18 0
14003 0 147 0
14004 0 118 0
14005 1 96 0
14006 0 32 0
14007 0 22 0
14008 0 26 0
14009 0 8 0
14010 5 26 5
14011 0 306 0
14012 0 18 0
14013 0 57 0
14014 0 8 0
14015 216 51 0
14100 0 222 0
14101 0 56 0
14102 0 40 0
14103 0 34 0
14104 0 22 0
14105 0 130 0
14106 36 111 1
14107 0 84 0
14108 0 52 0
14109 0 21 0
14110 0 219 0
14111 0 33 0
14112 0 210 0
14113 0 35 0
14114 0 123 0
14115 0 14 0
14200 0 19 0
14201 0 76 0
14202 0 79 1
14203 0 28 0
14204 0 42 0
14205 0 81 0
14206 0 30 0
14207 11 179 1
14208 23 509 0
14209 0 14 0
14210 0 8 0
14211 0 18 0
14212 0 65 0
14213 4 27 1
14214 0 29 0
14215 0 52 0
14300 0 39 0
14301 5 29 0
14302 0 75 0
14303 11 110 0
14304 0 14 0
14305 2232 28000 730
14306 7 41 0
14307 0 21 0
14308 0 11 0
14309 0 14 0
14310 0 93 0
14311 2 96 1
14312 0 127 0
14313 1 17 0
14314 0 18 0
14315 14 409 1
14400 0 30 0
14401 0 25 0
14402 0 86 0
14403 0 76 0
14404 0 20 0
14405 0 12 0
14406 0 113 0
14407 0 6 0
14408 0 20 0
14409 0 9 0
14410 0 25 0
14411 42 132 7
14412 0 95 0
14413 5 155 0
14414 0 20 0
14415 0 18 0
14500 0 731 0
14501 0 299 0
14502 14 52 1
14503 0 16 0
14504 0 33 0
14505 0 17 0
14506 0 208 1
14507 0 34 0
14508 0 997 0
14509 0 68 0
14510 0 112 0
14511 0 18 0
14512 0 8 0
14513 0 76 0
14514 0 25 0
14515 0 42 0
14600 1 17 0
14601 0 15 0
14602 0 81 0
14603 0 24 0
14604 0 19 0
14605 0 30 0
14606 0 85 0
14607 0 39 0
14608 0 8 0
14609 0 13 0
14610 0 47 2
14611 229 72 2
14612 0 118 0
14613 3 83 2
14614 0 160 0
14615 0 61 1
14700 0 239 0
14701 4 103 4
14702 0 11 0
14703 0 342 0
14704 0 46 0
14705 0 44 0
14706 2 24 0
14707 0 15 1
14708 0 18 0
14709 29 372 4
14710 0 15 0
14711 2 16 0
14712 1 22 0
14713 0 23 0
14714 0 6 0
14715 0 28 0
14800 0 74 0
14801 0 29 0
14802 0 36 0
14803 0 61 0
14804 0 15 0
14805 4 23 3
14806 0 44 0
14807 0 19 0
14808 0 118 0
14809 7 78 2
14810 3 94 0
14811 0 33 0
14812 19 266 5
14813 0 26 0
14814 0 136 0
14815 0 208 0
14900 0 55 0
14901 5 43 0
14902 0 18 0
14903 0 61 0
14904 5 198 1
14905 2 35 0
14906 0 45 0
14907 0 175 0
14908 0 15 0
14909 0 21 0
14910 195 305 12
14911 0 17 0
14912 0 29 0
14913 11 15 1
14914 0 18 0
14915 0 63 0
15000 0 19 0
15001 0 21 0
15002 9 56 1
15003 0 47 0
15004 0 47 0
15005 0 27 0
15006 0 235 0
15007 0 71 0
15008 0 36 0
15009 0 52 0
15010 0 16 0
15011 0 21 0
15012 0 33 0
15013 0 41 0
15014 25 111 9
15015 0 3746 0
15100 0 200 0
15101 0 251 0
15102 0 11 0
15103 0 29 0
15104 0 152 0
15105 1 69 0
15106 0 54 0
15107 0 30 0
15108 7 53 3
15109 0 69 0
15110 0 175 0
15111 0 127 0
15112 34 184 9
15113 8 68 0
15114 24 501 3
15115 121 220 11
15200 58 138 9
15201 0 58 0
15202 0 48 0
15203 0 12 0
15204 5 153 0
15205 0 12 0
15206 0 70 0
15207 1 47 1
15208 0 34 0
15209 0 19 0
15210 0 26 0
15211 0 13 0
15212 0 17 0
15213 0 20 0
15214 0 13 0
15215 0 55 0
15300 0 29 0
15301 0 30 0
15302 4 118 1
15303 0 47 0
15304 0 43 0
15305 1 164 0
15306 0 34 0
15307 0 20 0
15308 0 148 0
15309 2 291 0
15310 0 9 0
15311 0 73 2
15312 1 33 1
15313 0 26 0
15314 0 73 0
15315 0 20 0
15400 2 39 0
15401 0 11 0
15402 0 20 0
15403 0 20 0
15404 0 10 0
15405 0 65 0
15406 0 20 0
15407 0 68 0
15408 0 55 1
15409 0 41 0
15410 0 46 0
15411 0 13 0
15412 0 108 0
15413 0 16 0
15414 0 24 0
15415 0 22 0
15500 0 34 0
15501 0 26 0
15502 0 32 0
15503 3 224 0
15504 0 133 0
15505 0 56 0
15506 0 13 0
15507 0 80 0
15508 0 20 0
15509 0 57 0
15510 0 92 0
15511 0 114 0
15512 0 203 0
15513 0 50 0
15514 0 44 0
15515 0 49 0
15600 33 895 66
15601 2 118 2
15602 0 20 0
15603 0 91 0
15604 54 233 16
15605 0 16 0
15606 0 12 0
15607 0 86 0
15608 0 25 0
15609 0 31 0
15610 0 17 0
15611 0 40 0
15612 0 22 0
15613 0 59 0
15614 0 26 0
15615 0 93 0
15700 0 85 0
15701 20 349 4
15702 0 29 0
15703 0 16 0
15704 0 4 0
15705 60 134 5
15706 0 53 0
15707 27 543 5
15708 0 73 1
15709 0 12 0
15710 0 37 0
15711 0 10 0
15712 0 34 0
15713 0 6 0
15714 0 144 0
15715 0 16 0
15800 0 78 0
15801 11 92 0
15802 0 50 0
15803 0 8 0
15804 0 22 0
15805 0 27 0
15806 0 22 0
15807 0 27 0
15808 0 30 0
15809 2 42 0
15810 0 53 0
15811 1 39 0
15812 5 118 2
15813 728 10073 95
15814 0 156 3
15815 0 39 0
15900 0 205 0
15901 0 53 0
15902 14 336 2
15903 0 226 0
15904 0 126 0
15905 0 25 0
15906 0 67 0
15907 0 12 0
15908 0 31 0
15909 0 43 0
15910 12 223 3
15911 0 13 0
15912 0 47 0
15913 3 16 2
15914 0 56 0
15915 0 17 0
16000 0 100 0
16001 1 55 0
16002 0 55 0
16003 0 7 1
16004 0 49 0
16005 1 24 0
16006 0 187 0
16007 0 90 0
16008 0 69 0
16009 6 220 1
16010 0 45 0
16011 13 679 9
16012 0 8 0
16013 0 30 0
16014 0 21 0
16015 3 23 0
16100 1 29 0
16101 0 26 0
16102 1 14 0
16103 4 113 1
16104 0 31 0
16105 4 34 0
16106 0 29 0
16107 0 15 0
16108 0 30 0
16109 55 1383 3
16110 0 91 0
16111 0 93 0
16112 0 139 0
16113 88 471 103
16114 0 45 0
16115 33 249 2
16200 0 38 0
16201 0 18 0
16202 0 15 0
16203 0 18 0
16204 4 93 1
16205 0 36 0
16206 0 67 0
16207 0 10 1
16208 0 112 0
16209 1 76 2
16210 0 80 0
16211 0 19 0
16212 0 33 0
16213 0 78 0
16214 0 84 0
16215 0 18 0
16300 0 273 0
16301 5 70 0
16302 0 53 0
16303 0 40 0
16304 0 165 0
16305 0 19 0
16306 0 11 0
16307 70 430 15
16308 3 43 0
16309 0 29 0
16310 0 56 0
16311 0 9 0
16312 0 164 0
16313 0 18 1
16314 32 114 0
16315 0 48 0
16400 51 146 10
16401 0 23 4
16402 0 17 0
16403 4 31 1
16404 20 853 30
16405 0 33 0
16406 0 35 0
16407 0 17 0
16408 0 78 0
16409 0 11 0
16410 0 24 0
16411 0 19 0
16412 0 12 0
16413 0 36 0
16414 0 242 0
16415 90 434 7
16500 0 30 0
16501 3 134 0
16502 20 273 6
16503 0 147 0
16504 0 14 0
16505 0 53 0
16506 8 15 0
16507 0 26 0
16508 0 25 0
16509 4 87 0
16510 0 49 0
16511 66 217 4
16512 1 174 1
16513 0 28 0
16514 0 124 1
16515 1 12 0
16600 0 101 0
16601 0 23 0
16602 0 74 0
16603 0 41 0
16604 0 76 0
16605 0 116 1
16606 0 17 0
16607 1 64 0
16608 0 15 0
16609 0 114 0
16610 0 7 0
16611 0 16 0
16612 0 74 0
16613 0 161 0
16614 17 105 0
16615 0 27 0
16700 0 28 0
16701 126 132 5
16702 0 32 0
16703 0 16 0
16704 0 132 2
16705 0 136 0
16706 9 188 3
16707 0 8 0
16708 0 20 0
16709 123 216 25
16710 0 42 0
16711 1 91 1
16712 1 95 2
16713 0 17 0
16714 0 47 0
16715 0 17 0
16800 0 4 0
16801 0 110 0
16802 0 58 0
16803 4 271 1
16804 0 14 0
16805 1 16 0
16806 4 16 0
16807 0 42 0
16808 0 19 0
16809 2 183 0
16810 0 11 0
16811 0 39 0
16812 0 15 0
16813 1 191 2
16814 0 31 0
16815 0 17 0
16900 0 25 0
16901 20 1274 28
16902 0 113 0
16903 0 206 0
16904 0 63 0
16905 0 11 0
16906 0 42 0
16907 0 17 0
16908 0 80 0
16909 1 30 0
16910 0 19 0
16911 0 185 0
16912 0 29 0
16913 0 7 0
16914 0 111 0
16915 0 26 0
17000 0 83 0
17001 0 43 0
17002 0 21 0
17003 1 81 1
17004 0 40 0
17005 0 16 0
17006 0 12 0
17007 0 12 0
17008 0 18 0
17009 0 26 0
17010 4 74 2
17011 0 48 0
17012 1 9 0
17013 20 878 9
17014 0 578 0
17015 0 14 0
17100 3 252 7
17101 8 138 1
17102 1 49 1
17103 0 142 0
17104 11 147 45
17105 0 143 0
17106 0 134 0
17107 0 14 0
17108 1 21 0
17109 0 33 0
17110 0 135 0
17111 11 48 0
17112 0 18 0
17113 2 625 0
17114 6 9 1
17115 0 61 0
17200 0 44 0
17201 0 24 0
17202 0 30 0
17203 0 48 0
17204 0 19 1
17205 6 31 1
17206 48 62 2
17207 0 62 0
17208 0 31 0
17209 0 12 0
17210 0 211 0
17211 0 66 0
17212 0 18 1
17213 12 30 0
17214 0 16 0
17215 0 76 1
17300 0 96 0
17301 0 29 0
17302 2 40 0
17303 51 765 1
17304 0 59 0
17305 0 20 0
17306 0 280 0
17307 0 17 0
17308 0 15 0
17309 0 265 0
17310 0 23 0
17311 0 17 0
17312 1 177 0
17313 59 736 47
17314 0 31 0
17315 0 99 0
17400 0 19 0
17401 0 10 0
17402 0 23 0
17403 0 71 0
17404 1 46 0
17405 5 875 4
17406 0 36 0
17407 4 26 2
17408 0 49 0
17409 0 36 0
17410 0 4 0
17411 48 165 2
17412 0 50 0
17413 9 177 3
17414 0 29 0
17415 0 41 0
17500 0 65 0
17501 0 26 0
17502 0 18 0
17503 16 235 1
17504 0 111 0
17505 0 72 0
17506 4 79 1
17507 11 24 2
17508 6 104 0
17509 0 21 0
17510 4 43 1
17511 0 48 0
17512 0 25 1
17513 2 143 0
17514 2 312 0
17515 0 34 0
17600 0 33 0
17601 0 88 0
17602 36 580 46
17603 0 37 0
17604 0 77 1
17605 0 111 0
17606 0 77 1
17607 0 25 0
17608 0 43 0
17609 0 30 0
17610 0 18 0
17611 0 45 0
17612 0 20 0
17613 0 28 0
17614 0 95 0
17615 24 507 3
17700 10 1114 5
17701 0 18 0
17702 0 20 0
17703 0 72 0
17704 0 175 0
17705 0 116 0
17706 0 67 0
17707 8 263 3
17708 0 112 0
17709 0 20 0
17710 15 22 0
17711 0 28 0
17712 2 71 0
17713 0 14 0
17714 1 55 0
17715 0 56 0
17800 5 34 1
17801 0 37 0
17802 0 97 0
17803 0 211 0
17804 3 27 2
17805 0 84 0
17806 0 81 0
17807 2 80 0
17808 0 20 0
17809 0 28 0
17810 0 24 0
17811 0 15 0
17812 0 84 0
17813 0 52 1
17814 0 56 0
17815 0 128 0
17900 0 288 0
17901 0 36 0
17902 0 80 0
17903 1 177 4
17904 18 172 15
17905 0 21 0
17906 0 23 0
17907 2 28 0
17908 0 35 0
17909 73 283 5
17910 0 45 0
17911 0 21 0
17912 0 55 0
17913 13 114 2
17914 24 257 10
17915 0 14 0
18000 0 16 0
18001 5 81 7
18002 6 58 1
18003 0 130 4
18004 0 10 0
18005 0 9 0
18006 2 30 0
18007 0 33 0
18008 0 43 0
18009 38 493 30
18010 8 494 44
18011 0 37 0
18012 6 94 6
18013 2 28 0
18014 0 29 0
18015 0 30 0
18100 0 110 0
18101 0 188 0
18102 26 232 12
18103 0 13 0
18104 0 43 1
18105 0 158 0
18106 0 28 0
18107 0 13 0
18108 6 38 0
18109 0 12 0
18110 0 33 0
18111 34 190 5
18112 0 25 0
18113 10 230 6
18114 0 21 0
18115 4 40 3
18200 0 49 0
18201 0 24 0
18202 0 83 0
18203 0 21 0
18204 0 29 0
18205 0 48 0
18206 0 1433 0
18207 6 14 0
18208 0 94 0
18209 0 13 0
18210 0 21 0
18211 0 81 0
18212 23 139 2
18213 0 52 0
18214 0 43 0
18215 0 33 0
18300 0 43 0
18301 0 48 0
18302 0 29 0
18303 0 35 0
18304 0 342 0
18305 7 229 0
18306 0 40 0
18307 0 43 0
18308 0 26 0
18309 0 4 0
18310 0 29 0
18311 0 98 0
18312 0 16 0
18313 0 8 0
18314 0 41 0
18315 0 25 0
18400 10 207 8
18401 0 70 0
18402 0 27 0
18403 1 77 7
18404 0 9 0
18405 2 70 2
18406 0 7 0
18407 0 38 0
18408 0 26 0
18409 8 166 1
18410 3 188 3
18411 0 18 0
18412 13 68 1
18413 0 59 0
18414 0 65 0
18415 0 180 0
18500 0 13 0
18501 0 16 0
18502 20 17 4
18503 0 48 0
18504 0 42 0
18505 0 21 0
18506 0 23 0
18507 31 255 0
18508 0 41 0
18509 15 128 2
18510 0 115 0
18511 1 64 3
18512 0 214 0
18513 0 103 0
18514 0 30 0
18515 0 117 0
18600 0 92 0
18601 18 79 1
18602 0 61 0
18603 8 51 0
18604 0 16 0
18605 12 170 1
18606 0 37 0
18607 0 111 0
18608 0 21 0
18609 0 87 0
18610 1 714 0
18611 0 195 0
18612 0 32 0
18613 0 20 0
18614 0 59 0
18615 0 28 0
18700 0 66 0
18701 0 82 0
18702 0 37 0
18703 0 10 0
18704 0 28 0
18705 0 49 0
18706 0 125 0
18707 0 44 0
18708 2 62 0
18709 0 159 0
18710 0 18 0
18711 0 50 0
18712 0 171 2
18713 0 60 0
18714 0 62 0
18715 0 41 0
18800 0 84 0
18801 14 259 16
18802 0 32 0
18803 0 1 0
18804 0 47 0
18805 13 29 2
18806 0 82 0
18807 2 65 2
18808 0 25 0
18809 54 73 0
18810 1 18 1
18811 0 143 0
18812 16 93 4
18813 0 16 0
18814 0 66 0
18815 140 1200 44
18900 0 25 0
18901 5 64 2
18902 0 138 0
18903 3 5 0
18904 0 19 0
18905 0 46 0
18906 4 146 6
18907 3722 35567 994
18908 5 39 3
18909 2 87 0
18910 0 18 0
18911 0 50 0
18912 8 207 1
18913 0 169 15
18914 4 62 0
18915 0 120 0
19000 1 45 0
19001 243 24 0
19002 0 24 0
19003 0 57 0
19004 0 64 0
19005 0 17 0
19006 0 23 0
19007 0 30 0
19008 0 60 0
19009 0 26 0
19010 0 224 0
19011 0 141 0
19012 0 19 0
19013 0 31 0
19014 0 13 0
19015 0 19 0
19100 0 13 0
19101 0 84 1
19102 0 34 0
19103 8 60 0
19104 0 5 0
19105 2 10 0
19106 0 8 0
19107 53 594 5
19108 0 55 3
19109 0 18 0
19110 1 1189 183
19111 0 82 0
19112 0 41 0
19113 41 45 0
19114 0 172 0
19115 0 117 0
19200 31 698 58
19201 0 30 0
19202 0 19 0
19203 0 64 0
19204 0 26 0
19205 0 35 0
19206 0 34 0
19207 0 6 0
19208 0 55 3
19209 0 63 0
19210 0 20 0
19211 0 69 0
19212 0 11 0
19213 0 11 0
19214 0 15 0
19215 0 10 0
19300 1 98 0
19301 0 36 0
19302 0 97 0
19303 4 202 3
19304 17 49 13
19305 0 40 0
19306 0 45 0
19307 0 61 0
19308 0 36 0
19309 0 17 0
19310 0 95 1
19311 0 227 0
19312 0 19 0
19313 0 28 0
19314 0 3 0
19315 0 56 0
19400 0 17 0
19401 0 51 0
19402 0 20 0
19403 0 20 0
19404 0 45 0
19405 0 44 0
19406 1 44 0
19407 0 31 0
19408 0 8 0
19409 60 149 7
19410 0 59 0
19411 0 19 0
19412 0 60 0
19413 2 115 7
19414 0 21 0
19415 0 13 0
19500 0 27 0
19501 0 49 0
19502 0 32 0
19503 0 32 0
19504 0 92 0
19505 9 3749 6
19506 0 31 1
19507 10 184 3
19508 0 34 0
19509 0 85 0
19510 0 16 0
19511 0 42 0
19512 0 76 0
19513 0 52 1
19514 0 31 0
19515 0 102 1
19600 6 38 1
19601 0 55 1
19602 3 10 0
19603 0 26 0
19604 29 30 0
19605 0 49 0
19606 0 735 14
19607 5 50 1
19608 0 24 0
19609 0 92 0
19610 1 96 1
19611 38 103 0
19612 22 80 0
19613 0 20 0
19614 0 196 1
19615 0 87 0
19700 0 30 0
19701 0 99 0
19702 0 35 0
19703 30 1543 14
19704 0 3 0
19705 16 92 0
19706 0 68 0
19707 0 21 0
19708 0 11 0
19709 0 21 0
19710 417 3068 24
19711 2 99 0
19712 0 623 0
19713 0 103 0
19714 0 23 0
19715 5 100 0
19800 0 21 0
19801 14 140 3
19802 0 30 0
19803 0 6 0
19804 0 21 0
19805 0 43 0
19806 0 253 4
19807 0 22 0
19808 0 10 0
19809 135 1222 10
19810 0 9 0
19811 0 18 0
19812 0 12 0
19813 0 82 0
19814 0 28 0
19815 0 11 0
19900 0 9 0
19901 0 52 0
19902 0 7 0
19903 0 192 0
19904 0 49 0
19905 0 13 0
19906 0 98 0
19907 0 40 0
19908 0 20 0
19909 0 111 0
19910 0 25 0
19911 0 41 0
19912 0 17 0
19913 0 111 10
19914 18 234 8
19915 0 42 0
20000 0 130 0
20001 12 32 3
20002 2 260 0
20003 0 635 0
20004 0 38 0
20005 1573 58 4
20006 0 23 0
20007 8 38 0
20008 1 27 1
20009 0 22 0
20010 73 273 13
20011 0 222 0
20012 3 70 0
20013 0 17 0
20014 0 228 0
20015 0 24 0
20100 0 44 1
20101 0 305 0
20102 0 16 1
20103 0 35 0
20104 14 374 4
20105 0 30 0
20106 0 20 0
20107 0 16 0
20108 0 23 0
20109 0 24 0
20110 0 21 0
20111 0 11 0
20112 0 37 0
20113 0 40 0
20114 0 45 0
20115 61 446 8
20200 0 24 0
20201 0 46 0
20202 0 25 0
20203 0 24 0
20204 0 25 0
20205 11 111 7
20206 0 357 0
20207 0 63 0
20208 23 64 5
20209 0 49 0
20210 0 11 0
20211 0 39 0
20212 0 14 0
20213 0 97 0
20214 0 28 0
20215 0 42 0
20300 0 24 0
20301 0 31 0
20302 0 141 0
20303 0 10 0
20304 0 73 0
20305 0 78 0
20306 0 22 0
20307 0 27 0
20308 0 43 0
20309 30 49 0
20310 0 8 0
20311 0 29 0
20312 101 675 13
20313 0 171 0
20314 0 375 0
20315 0 22 0
20400 0 43 0
20401 1 91 0
20402 0 87 0
20403 0 26 0
20404 0 42 0
20405 0 11 0
20406 1 167 0
20407 0 30 0
20408 0 38 0
20409 0 44 0
20410 4 104 0
20411 0 34 0
20412 0 3 0
20413 0 35 0
20414 3 314 0
20415 0 44 0
20500 2 45 0
20501 0 12 0
20502 0 71 0
20503 0 28 0
20504 0 77 0
20505 0 53 0
20506 0 92 0
20507 0 20 0
20508 0 14 0
20509 0 34 0
20510 0 180 0
20511 0 4 0
20512 0 144 0
20513 0 26 0
20514 0 29 0
20515 0 36 0
20600 0 104 0
20601 0 31 0
20602 0 21 0
20603 0 28 0
20604 0 34 0
20605 0 57 0
20606 7 152 0
20607 0 76 0
20608 1 63 2
20609 0 29 0
20610 0 78 0
20611 0 133 0
20612 0 254 0
20613 0 23 0
20614 0 24 0
20615 0 205 0
20700 0 121 0
20701 5 83 0
20702 0 15 0
20703 0 56 0
20704 0 36 0
20705 0 71 0
20706 0 6 0
20707 0 43 0
20708 0 40 0
20709 0 24 0
20710 8 19 1
20711 0 30 0
20712 0 44 0
20713 26 217 24
20714 0 240 0
20715 0 53 0
20800 0 52 0
20801 0 68 0
20802 8 75 1
20803 0 18 0
20804 9 119 1
20805 31 26 0
20806 23 62 2
20807 6 68 2
20808 0 328 0
20809 0 44 0
20810 0 19 0
20811 0 68 0
20812 2 14 1
20813 3 12 0
20814 0 53 0
20815 0 388 0
20900 0 374 0
20901 0 114 0
20902 6 221 9
20903 0 6 0
20904 7 60 1
20905 0 169 0
20906 0 233 0
20907 0 15 0
20908 0 16 0
20909 1 48 0
20910 0 13 0
20911 0 29 0
20912 0 26 0
20913 0 11 0
20914 0 35 0
20915 0 66 0
21000 0 44 0
21001 1 244 0
21002 1 67 0
21003 0 53 0
21004 0 26 0
21005 0 44 0
21006 0 30 0
21007 0 22 0
21008 25 73 39
21009 0 53 0
21010 1 21 0
21011 1 53 2
21012 9 171 1
21013 0 30 0
21014 0 46 1
21015 0 51 0
21100 0 29 0
21101 0 33 0
21102 0 52 0
21103 0 26 0
21104 0 14 0
21105 6 91 1
21106 3 118 5
21107 0 71 0
21108 0 141 0
21109 0 13 0
21110 0 21 0
21111 12 14 0
21112 0 54 0
21113 0 18 0
21114 1 22 0
21115 0 57 0
21200 0 4 0
21201 0 101 0
21202 15 316 1
21203 0 215 0
21204 6 71 1
21205 0 69 0
21206 0 177 0
21207 0 83 0
21208 0 56 0
21209 0 19 1
21210 0 110 0
21211 0 32 0
21212 0 20 0
21213 0 122 0
21214 1 48 1
21215 0 21 0
21300 0 32 0
21301 11 175 0
21302 3 239 7
21303 0 10 0
21304 1 85 0
21305 0 30 0
21306 0 40 0
21307 1 17 0
21308 26 226 2
21309 0 265 0
21310 3 70 5
21311 4 29 1
21312 0 39 0
21313 0 50 0
21314 53 333 6
21315 15 199 8
21400 0 22 0
21401 0 21 0
21402 0 47 0
21403 0 38 0
21404 0 73 0
21405 17 45 9
21406 0 34 0
21407 0 40 0
21408 0 9 0
21409 0 16 0
21410 0 24 0
21411 0 23 0
21412 0 355 0
21413 0 46 0
21414 0 27 0
21415 0 43 0
21500 0 69 0
21501 0 48 0
21502 0 26 0
21503 0 13 0
21504 6 76 1
21505 0 32 0
21506 0 26 0
21507 9 229 3
21508 0 166 0
21509 0 48 0
21510 0 151 0
21511 0 12 0
21512 28 79 5
21513 1 105 0
21514 0 103 0
21515 0 19 0
21600 0 137 0
21601 0 11 0
21602 0 151 0
21603 0 29 0
21604 0 10 0
21605 5 53 1
21606 12 730 5
21607 0 47 0
21608 0 117 0
21609 0 112 0
21610 0 64 0
21611 0 28 0
21612 8 68 6
21613 2 39 0
21614 0 98 0
21615 9 90 0
21700 0 103 0
21701 0 151 0
21702 0 110 0
21703 23 84 2
21704 16 202 3
21705 0 3 0
21706 0 30 0
21707 9 140 7
21708 4 10 0
21709 1 195 2
21710 11 79 0
21711 3 152 0
21712 0 22 0
21713 0 43 0
21714 0 24 0
21715 0 16 0
21800 0 26 0
21801 0 99 0
21802 0 158 0
21803 0 61 0
21804 0 7 0
21805 5 18 0
21806 23 24 6
21807 0 64 0
21808 0 130 0
21809 0 45 0
21810 7 65 0
21811 2 66 0
21812 0 91 0
21813 0 27 0
21814 0 19 0
21815 1 56 1
21900 1 130 0
21901 0 48 0
21902 0 22 0
21903 0 33 0
21904 2 26 2
21905 0 43 0
21906 0 59 0
21907 79 820 8
21908 0 62 0
21909 2 30 0
21910 4 50 0
21911 0 184 0
21912 3 25 0
21913 0 47 0
21914 15 197 20
21915 0 10 0
22000 0 42 0
22001 0 48 0
22002 9 186 0
22003 0 47 0
22004 0 13 0
22005 14 481 10
22006 24 1617 4
22007 0 39 0
22008 0 26 0
22009 0 64 0
22010 0 63 0
22011 257 1161 56
22012 0 24 0
22013 0 30 0
22014 0 31 0
22015 0 266 0
22100 0 45 0
22101 0 19 0
22102 0 11 0
22103 1 79 0
22104 1 56 2
22105 13 13 0
22106 0 19 0
22107 0 17 0
22108 0 33 0
22109 179 310 23
22110 7 284 6
22111 0 41 0
22112 0 28 0
22113 0 107 0
22114 19 63 1
22115 0 27 0
22200 0 18 0
22201 5 38 0
22202 6 234 0
22203 0 47 0
22204 0 22 0
22205 0 34 0
22206 47 42 0
22207 0 55 0
22208 0 41 0
22209 53 497 10
22210 0 39 0
22211 0 23 0
22212 0 57 0
22213 0 28 0
22214 0 18 0
22215 0 63 0
22300 0 25 0
22301 0 34 0
22302 0 14 0
22303 0 39 0
22304 0 10 0
22305 0 18 0
22306 0 103 0
22307 0 143 0
22308 0 19 0
22309 0 97 0
22310 0 27 0
22311 0 38 0
22312 0 69 3
22313 0 51 0
22314 3 508 7
22315 0 40 0
22400 6 32 1
22401 0 120 0
22402 0 121 0
22403 0 16 0
22404 0 24 0
22405 0 54 0
22406 0 34 0
22407 0 3 0
22408 0 18 0
22409 0 38 0
22410 0 45 0
22411 0 21 0
22412 0 55 0
22413 0 33 0
22414 0 441 0
22415 1 23 0
22500 0 34 0
22501 4 16 0
22502 0 7 0
22503 11 253 0
22504 0 16 0
22505 0 10 0
22506 0 36 0
22507 0 26 1
22508 0 19 0
22509 0 61 0
22510 1 660 3
22511 0 125 0
22512 0 29 0
22513 0 30 0
22514 0 38 0
22515 1 32 1
22600 0 34 0
22601 29 431 10
22602 0 217 0
22603 0 47 0
22604 0 14 0
22605 9 51 0
22606 0 23 0
22607 0 31 0
22608 2 30 0
22609 0 192 0
22610 30 720 28
22611 0 10 0
22612 0 16 0
22613 14 112 2
22614 0 90 0
22615 0 26 0
22700 0 114 0
22701 1 49 0
22702 0 38 0
22703 0 19 0
22704 0 350 0
22705 0 39 0
22706 0 49 0
22707 6 353 6
22708 0 17 0
22709 0 41 0
22710 0 39 0
22711 0 37 0
22712 22 115 7
22713 0 65 0
22714 0 28 0
22715 0 13 0
22800 7 1071 2
22801 0 11 0
22802 0 117 0
22803 0 108 0
22804 0 15 0
22805 0 41 0
22806 0 10 0
22807 0 91 0
22808 0 32 0
22809 0 61 0
22810 0 26 0
22811 0 225 9
22812 0 35 0
22813 0 41 0
22814 0 35 0
22815 0 49 0
22900 0 24 0
22901 0 82 0
22902 1 22 1
22903 1 52 0
22904 0 16 0
22905 0 36 0
22906 0 40 0
22907 0 114 0
22908 36 905 18
22909 0 39 0
22910 3 79 0
22911 0 47 0
22912 0 209 0
22913 21 176 2
22914 0 22 0
22915 0 15 0
23000 24 64 8
23001 0 43 0
23002 0 25 0
23003 0 26 0
23004 0 12 0
23005 0 22 0
23006 12 295 16
23007 24 73 8
23008 0 44 0
23009 0 255 0
23010 0 31 0
23011 0 54 0
23012 33 49 9
23013 7 80 1
23014 0 26 0
23015 7 108 0
23100 0 17 0
23101 4 25 1
23102 0 81 0
23103 1 161 0
23104 0 57 0
23105 0 33 0
23106 0 54 0
23107 1 374 2
23108 0 9 0
23109 0 20 0
23110 7 52 0
23111 0 114 0
23112 0 9 0
23113 2 44 0
23114 0 101 0
23115 0 82 0
23200 4 16 1
23201 0 22 0
23202 0 26 0
23203 0 79 0
23204 0 21 0
23205 0 45 0
23206 53 2047 5
23207 0 53 0
23208 7 8 0
23209 0 27 0
23210 0 37 0
23211 0 35 0
23212 1 136 1
23213 48 509 18
23214 0 49 0
23215 0 21 0
23300 23 17 0
23301 0 11 0
23302 0 51 0
23303 0 95 0
23304 16 458 12
23305 657 1103 18
23306 0 45 0
23307 0 44 0
23308 0 39 2
23309 0 43 0
23310 0 2 0
23311 0 85 0
23312 0 25 0
23313 0 43 0
23314 0 13 0
23315 19 70 7
23400 16 50 8
23401 0 50 0
23402 0 36 0
23403 0 17 0
23404 3 92 0
23405 1 164 2
23406 0 38 0
23407 0 22 0
23408 4 52 0
23409 0 22 0
23410 0 19 0
23411 0 72 0
23412 0 34 0
23413 6 29 0
23414 0 25 0
23415 0 15 1
23500 0 25 0
23501 0 51 0
23502 0 16 0
23503 0 17 0
23504 0 62 0
23505 1 31 0
23506 0 47 0
23507 0 15 0
23508 0 16 0
23509 0 28 0
23510 0 80 0
23511 0 26 0
23512 8 81 3
23513 17 567 43
23514 38 966 7
23515 147 665 41
23600 0 75 0
23601 0 28 0
23602 0 13 0
23603 1 128 1
23604 5 452 32
23605 0 52 0
23606 0 65 0
23607 0 23 0
23608 0 33 0
23609 0 31 0
23610 28 95 2
23611 0 22 0
23612 2 402 4
23613 0 23 0
23614 0 68 0
23615 0 41 0
23700 0 19 0
23701 0 34 0
23702 0 29 0
23703 0 46 0
23704 0 70 0
23705 6 37 5
23706 0 122 0
23707 0 16 0
23708 0 98 13
23709 0 57 0
23710 3 266 0
23711 0 28 0
23712 0 11 0
23713 0 102 0
23714 0 12 0
23715 0 11 0
23800 11 893 4
23801 0 14 0
23802 0 54 0
23803 0 34 0
23804 0 21 0
23805 0 30 0
23806 0 49 0
23807 0 100 0
23808 0 30 0
23809 0 24 0
23810 0 9 0
23811 0 125 0
23812 14 120 8
23813 11 293 2
23814 0 15 0
23815 2 57 1
23900 0 64 0
23901 0 22 0
23902 0 16 0
23903 0 89 0
23904 0 40 0
23905 3 48 2
23906 0 32 0
23907 0 47 0
23908 2 86 0
23909 0 49 0
23910 6 46 0
23911 254 87 1
23912 0 61 0
23913 0 10 0
23914 0 91 0
23915 0 24 0
24000 1 112 1
24001 0 69 0
24002 0 53 0
24003 0 11 0
24004 0 39 0
24005 0 61 0
24006 0 21 0
24007 0 29 0
24008 0 35 0
24009 0 163 0
24010 0 86 0
24011 0 236 0
24012 134 579 35
24013 0 341 0
24014 68 772 18
24015 0 62 0
24100 0 46 0
24101 0 40 0
24102 0 20 0
24103 0 17 0
24104 0 36 0
24105 0 22 0
24106 0 119 0
24107 0 12 0
24108 5 13 1
24109 0 9 0
24110 0 11 0
24111 0 36 0
24112 0 105 0
24113 0 160 0
24114 0 70 0
24115 0 59 0
24200 0 46 0
24201 0 54 0
24202 0 10 0
24203 0 16 0
24204 1 16 0
24205 0 22 0
24206 5 34 1
24207 13 284 3
24208 5 55 2
24209 0 22 0
24210 0 96 0
24211 0 29 0
24212 4 661 1
24213 2 30 4
24214 6 49 0
24215 0 20 0
24300 0 23 0
24301 18 125 1
24302 62 49 0
24303 0 71 0
24304 0 144 0
24305 0 13 0
24306 0 64 0
24307 0 21 0
24308 2 31 0
24309 23 227 1
24310 0 297 0
24311 0 134 0
24312 28 20 7
24313 280 1375 261
24314 0 126 0
24315 0 73 3
24400 0 16 0
24401 1 72 0
24402 1 124 6
24403 0 20 0
24404 1 103 1
24405 0 84 0
24406 29 55 0
24407 0 17 0
24408 4 163 2
24409 0 17 0
24410 0 29 0
24411 0 22 0
24412 1 30 0
24413 0 73 0
24414 7 32 1
24415 21 81 2
24500 0 64 0
24501 0 30 0
24502 0 356 0
24503 4 86 1
24504 0 262 0
24505 0 59 0
24506 0 105 0
24507 0 22 0
24508 1 42 1
24509 1 25 0
24510 0 31 0
24511 0 125 0
24512 0 9 0
24513 0 17 0
24514 1 28 0
24515 0 89 0
24600 0 110 0
24601 0 29 0
24602 0 51 0
24603 0 27 0
24604 0 46 0
24605 0 106 0
24606 0 29 0
24607 0 21 0
24608 0 71 1
24609 1 177 2
24610 0 86 0
24611 11 53 0
24612 0 88 2
24613 0 14 0
24614 0 29 0
24615 0 78 0
24700 0 33 0
24701 0 54 0
24702 0 37 0
24703 0 175 0
24704 0 55 1
24705 0 139 0
24706 0 18 0
24707 0 68 0
24708 0 550 0
24709 0 76 0
24710 0 35 0
24711 0 102 0
24712 3 207 2
24713 0 16 0
24714 0 12 0
24715 11 287 0
24800 0 20 0
24801 0 16 0
24802 40 156 9
24803 9 26 1
24804 0 21 0
24805 0 177 0
24806 0 155 0
24807 0 35 0
24808 0 25 0
24809 0 23 0
24810 0 19 0
24811 0 136 0
24812 0 63 0
24813 5 35 0
24814 0 54 2
24815 0 43 0
24900 0 32 0
24901 0 17 2
24902 5 29 1
24903 0 267 0
24904 1 12 0
24905 0 52 0
24906 2 54 0
24907 0 18 0
24908 0 729 0
24909 8 41 1
24910 0 24 0
24911 0 54 0
24912 1 13 0
24913 0 14 0
24914 0 241 0
24915 0 28 0
25000 0 55 0
25001 0 98 0
25002 0 61 0
25003 0 11 0
25004 0 17 0
25005 0 28 0
25006 0 44 1
25007 0 44 0
25008 0 11 0
25009 32 473 2
25010 0 33 0
25011 12 330 5
25012 0 18 0
25013 0 186 0
25014 2 67 1
25015 0 23 0
25100 0 34 0
25101 3 27 1
25102 0 47 0
25103 0 12 0
25104 2596 3453 347
25105 0 30 0
25106 0 11 0
25107 0 25 0
25108 0 28 0
25109 0 9 0
25110 0 110 0
25111 3 30 2
25112 0 30 0
25113 0 212 0
25114 1 53 1
25115 0 22 0
25200 0 258 0
25201 2 119 2
25202 0 51 0
25203 0 26 0
25204 0 23 0
25205 0 31 0
25206 0 40 0
25207 1 48 0
25208 0 34 0
25209 0 48 0
25210 0 50 0
25211 0 232 0
25212 0 19 0
25213 0 27 0
25214 0 77 0
25215 0 51 0
25300 0 15 0
25301 46 173 2
25302 0 12 0
25303 0 38 0
25304 7 18 4
25305 2 60 10
25306 0 18 0
25307 0 13 0
25308 3 101 1
25309 0 51 0
25310 16 121 5
25311 0 17 0
25312 0 40 0
25313 26 24 1
25314 3 24 2
25315 0 27 0
25400 0 166 0
25401 33 131 6
25402 0 14 0
25403 19 241 8
25404 0 172 0
25405 0 39 0
25406 0 75 0
25407 0 52 0
25408 5 63 4
25409 0 127 0
25410 0 20 0
25411 4 27 0
25412 0 34 0
25413 0 101 0
25414 0 5 0
25415 0 18 0
25500 0 92 0
25501 10 505 1
25502 0 9 0
25503 85 1646 16
25504 0 31 0
25505 0 24 0
25506 0 19 0
25507 0 49 0
25508 3 15 2
25509 0 13 0
25510 0 19 0
25511 0 28 0
25512 0 42 0
25513 0 119 0
25514 0 59 0
25515 0 16 0
25600 1353 4136 78
25601 0 33 0
25602 0 12 0
25603 0 24 0
25604 1 68 0
25605 0 17 0
25606 9 58 3
25607 59 440 11
25608 0 139 0
25609 1 92 0
25610 0 16 0
25611 1 1209 260
25612 0 11 0
25613 0 123 0
25614 9 68 5
25615 0 36 0
25700 0 98 0
25701 9 118 7
25702 0 10 0
25703 0 7 0
25704 9 117 0
25705 0 217 0
25706 5 1326 1
25707 93 447 6
25708 0 230 0
25709 0 54 0
25710 0 38 0
25711 0 58 0
25712 0 80 0
25713 0 73 0
25714 0 30 0
25715 0 19 0
25800 102 797 48
25801 0 8 0
25802 1 39 1
25803 0 13 0
25804 0 196 0
25805 0 38 0
25806 0 104 0
25807 5 272 1
25808 5 237 12
25809 0 21 0
25810 0 31 0
25811 0 27 0
25812 0 26 0
25813 0 26 0
25814 0 22 0
25815 0 10 0
25900 0 64 0
25901 0 11 0
25902 0 36 0
25903 1 630 1
25904 0 73 0
25905 0 74 1
25906 0 650 0
25907 0 61 0
25908 0 11 0
25909 0 33 0
25910 8 156 0
25911 0 24 0
25912 77 616 39
25913 0 60 0
25914 0 4 0
25915 1 27 0
26000 0 53 0
26001 0 350 1
26002 0 298 0
26003 0 39 0
26004 0 74 0
26005 0 18 0
26006 0 31 0
26007 44 736 8
26008 0 469 0
26009 0 45 0
26010 7 59 0
26011 5 156 2
26012 0 14 0
26013 0 48 0
26014 0 28 0
26015 2 95 0
26100 0 21 0
26101 0 43 0
26102 0 15 0
26103 0 66 0
26104 1 20 0
26105 1 52 0
26106 0 131 0
26107 0 107 0
26108 0 10 0
26109 0 17 0
26110 11 27 0
26111 0 99 1
26112 0 120 0
26113 5 59 1
26114 0 26 0
26115 0 122 0
26200 0 335 0
26201 0 52 0
26202 0 6 0
26203 697 7881 118
26204 10 66 0
26205 0 38 0
26206 0 103 0
26207 0 57 0
26208 0 68 0
26209 0 6 0
26210 11 145 4
26211 7 148 1
26212 0 56 0
26213 0 13 0
26214 2 49 0
26215 0 36 0
26300 25 38 0
26301 0 4 0
26302 0 35 0
26303 0 51 0
26304 0 17 0
26305 1 20 0
26306 0 45 0
26307 0 21 0
26308 0 233 0
26309 0 15 0
26310 0 58 0
26311 0 26 0
26312 0 34 0
26313 2 42 4
26314 0 111 0
26315 0 215 0
26400 0 21 0
26401 2 40 0
26402 0 47 0
26403 0 26 0
26404 0 30 0
26405 0 13 0
26406 41 117 0
26407 3 99 1
26408 0 6 0
26409 0 42 0
26410 0 35 0
26411 0 42 0
26412 0 155 0
26413 0 11 0
26414 0 26 0
26415 0 641 0
26500 0 36 0
26501 0 19 0
26502 0 41 0
26503 0 33 0
26504 5 34 1
26505 0 30 0
26506 0 68 2
26507 0 56 0
26508 12 53 2
26509 0 34 0
26510 0 26 0
26511 0 43 0
26512 0 21 0
26513 0 28 0
26514 0 15 0
26515 0 98 0
26600 0 123 0
26601 0 22 0
26602 4 181 2
26603 0 45 0
26604 0 55 0
26605 0 107 0
26606 0 35 0
26607 0 33 0
26608 1 118 0
26609 0 35 0
26610 0 214 2
26611 0 17 0
26612 0 195 0
26613 1 47 1
26614 0 22 0
26615 0 123 0
26700 163 1840 133
26701 0 15 0
26702 0 30 0
26703 0 213 0
26704 0 53 0
26705 250 2198 98
26706 0 56 0
26707 0 78 0
26708 5 114 0
26709 3 71 4
26710 0 17 0
26711 0 50 0
26712 0 63 0
26713 0 22 0
26714 0 8 0
26715 74 132 16
26800 0 28 0
26801 0 1147 0
26802 0 31 0
26803 1 100 0
26804 0 290 1
26805 0 500 0
26806 0 58 0
26807 42 76 4
26808 0 73 0
26809 0 20 0
26810 0 153 0
26811 0 69 2
26812 0 165 0
26813 0 40 0
26814 91 280 12
26815 0 55 0
26900 8 182 1
26901 0 21 0
26902 0 50 0
26903 0 7 0
26904 0 122 0
26905 1 281 1
26906 0 56 0
26907 12 263 2
26908 2 78 1
26909 126 711 97
26910 0 43 0
26911 0 250 0
26912 0 71 1
26913 1 104 6
26914 0 11 0
26915 0 32 0
27000 0 69 0
27001 1 62 1
27002 2 50 0
27003 2 111 0
27004 0 46 0
27005 0 84 0
27006 0 22 0
27007 0 45 0
27008 0 51 0
27009 0 20 0
27010 1 89 0
27011 2 302 0
27012 17 310 16
27013 0 36 0
27014 0 22 0
27015 0 22 0
27100 26 276 5
27101 0 223 0
27102 48 215 32
27103 0 85 0
27104 0 47 0
27105 15 179 0
27106 0 9 0
27107 0 63 0
27108 0 337 4
27109 0 56 0
27110 0 17 0
27111 2 148 0
27112 0 8 0
27113 5 45 2
27114 0 55 0
27115 0 409 0
27200 0 35 0
27201 0 9 1
27202 0 18 0
27203 0 20 0
27204 1 27 0
27205 2 42 0
27206 0 77 0
27207 0 172 0
27208 0 148 0
27209 10 29 7
27210 5 69 11
27211 18 117 0
27212 0 158 0
27213 2 32 1
27214 14 57 0
27215 6 57 6
27300 0 327 1
27301 0 34 0
27302 0 206 0
27303 0 87 0
27304 0 113 0
27305 0 7 0
27306 2 63 0
27307 0 1168 0
27308 1 23 0
27309 0 11 0
27310 0 28 0
27311 0 28 0
27312 0 27 0
27313 0 38 0
27314 0 56 0
27315 0 31 0
27400 1 29 0
27401 0 15 0
27402 0 45 0
27403 0 30 0
27404 0 6 0
27405 10 15 0
27406 0 41 0
27407 13 78 1
27408 0 18 0
27409 0 12 0
27410 0 26 0
27411 0 40 0
27412 0 52 0
27413 0 13 0
27414 0 64 0
27415 4 427 3
27500 70 150 6
27501 0 28 0
27502 27 474 19
27503 0 284 0
27504 0 58 0
27505 0 29 0
27506 1 226 3
27507 0 213 0
27508 4 481 2
27509 0 29 0
27510 0 50 0
27511 0 19 0
27512 0 280 0
27513 0 26 0
27514 0 20 0
27515 0 530 0
27600 0 55 0
27601 22 783 22
27602 16 14 1
27603 4 117 1
27604 4 17 0
27605 0 24 0
27606 0 12 0
27607 5 56 0
27608 0 78 0
27609 0 12 0
27610 0 29 0
27611 0 30 0
27612 0 28 0
27613 0 62 0
27614 11 307 0
27615 0 17 0
27700 4 58 3
27701 0 40 0
27702 0 16 0
27703 0 63 0
27704 1 44 0
27705 0 18 0
27706 0 41 0
27707 2 61 0
27708 0 17 0
27709 0 34 0
27710 84 1884 24
27711 0 60 0
27712 55 953 15
27713 0 16 0
27714 3 52 0
27715 4 259 66
27800 21 91 0
27801 0 56 1
27802 0 20 0
27803 0 29 0
27804 0 20 0
27805 1 114 0
27806 0 38 2
27807 0 26 0
27808 4 78 4
27809 0 20 0
27810 21 119 20
27811 20 256 0
27812 0 98 4
27813 0 23 0
27814 0 10 0
27815 0 24 0
27900 0 82 1
27901 0 76 0
27902 0 55 0
27903 0 22 0
27904 0 16 0
27905 56 249 8
27906 0 27 0
27907 4 51 1
27908 0 58 0
27909 0 100 0
27910 0 55 0
27911 4 55 0
27912 20 787 3
27913 0 97 0
27914 7 247 0
27915 0 63 0
28000 0 23 0
28001 0 83 0
28002 4 370 1
28003 0 966 0
28004 0 25 0
28005 0 31 0
28006 0 18 0
28007 0 13 0
28008 0 16 0
28009 0 18 0
28010 0 12 0
28011 0 29 0
28012 0 55 0
28013 4 554 0
28014 26 35 9
28015 0 43 0
28100 0 27 8
28101 0 27 0
28102 0 73 1
28103 0 32 0
28104 0 60 0
28105 0 14 0
28106 0 31 0
28107 0 37 0
28108 0 37 0
28109 23 16 5
28110 2 191 0
28111 0 14 0
28112 0 52 0
28113 0 22 0
28114 2 14 0
28115 0 78 0
28200 0 37 0
28201 0 39 0
28202 335 40 2
28203 0 15 0
28204 0 30 0
28205 0 3 0
28206 0 16 0
28207 0 20 0
28208 0 16 0
28209 7 371 1
28210 0 17 0
28211 3 95 0
28212 0 1534 7
28213 0 35 0
28214 0 111 0
28215 1 46 0
28300 0 18 0
28301 0 36 0
28302 1 71 0
28303 0 15 0
28304 0 162 0
28305 0 17 0
28306 0 23 0
28307 3 96 5
28308 0 123 0
28309 0 43 0
28310 0 33 0
28311 0 20 0
28312 0 10 0
28313 0 20 0
28314 0 27 0
28315 0 32 0
28400 0 26 0
28401 0 12 0
28402 0 438 2
28403 5 36 1
28404 0 14 0
28405 0 12 0
28406 4 36 0
28407 2 374 0
28408 6 20 0
28409 0 23 0
28410 0 91 0
28411 0 32 0
28412 0 10 0
28413 0 22 0
28414 0 35 0
28415 0 22 0
28500 0 59 0
28501 0 102 0
28502 0 34 0
28503 0 7 0
28504 1 16 0
28505 0 39 0
28506 10 97 2
28507 0 29 0
28508 0 252 0
28509 0 89 0
28510 0 35 0
28511 0 20 0
28512 0 198 0
28513 0 75 0
28514 0 187 3
28515 0 166 0
28600 0 24 0
28601 0 15 0
28602 0 52 1
28603 0 71 0
28604 2 247 0
28605 0 30 0
28606 0 52 0
28607 97 74 20
28608 0 80 0
28609 0 30 2
28610 6 207 0
28611 0 26 0
28612 1 29 0
28613 0 43 5
28614 0 93 0
28615 1 16 0
28700 0 44 0
28701 0 23 0
28702 0 53 0
28703 0 15 1
28704 1 95 0
28705 2 30 1
28706 0 17 0
28707 0 17 0
28708 0 109 0
28709 0 12 0
28710 0 17 0
28711 3 27 0
28712 0 23 0
28713 18 432 2
28714 0 59 0
28715 0 35 0
28800 0 37 1
28801 0 33 0
28802 0 11 0
28803 0 55 0
28804 0 16 0
28805 0 22 0
28806 0 72 0
28807 0 40 0
28808 0 10 0
28809 0 539 0
28810 4 48 1
28811 0 45 0
28812 0 31 0
28813 0 18 0
28814 0 34 0
28815 7 99 2
28900 0 59 0
28901 4 60 4
28902 4 62 5
28903 0 323 0
28904 0 63 0
28905 0 43 0
28906 0 81 4
28907 1 105 1
28908 0 31 0
28909 0 123 0
28910 0 29 0
28911 0 23 0
28912 0 23 0
28913 0 28 0
28914 0 259 0
28915 0 35 0
29000 0 174 0
29001 0 11 0
29002 0 20 0
29003 0 33 0
29004 1 67 0
29005 9 299 3
29006 4 32 1
29007 20 410 0
29008 1 205 11
29009 0 6 0
29010 0 151 0
29011 0 17 0
29012 0 17 0
29013 1 81 0
29014 0 160 0
29015 0 15 0
29100 1 42 0
29101 0 95 0
29102 0 29 0
29103 0 56 0
29104 0 748 0
29105 5 13 0
29106 0 44 0
29107 0 23 0
29108 5 145 4
29109 0 28 0
29110 0 153 0
29111 5 91 4
29112 4 53 1
29113 0 44 0
29114 0 26 0
29115 0 32 0
29200 0 107 0
29201 0 49 0
29202 1 11 0
29203 0 20 0
29204 0 8 0
29205 0 39 0
29206 0 66 0
29207 0 16 0
29208 0 15 0
29209 0 42 0
29210 0 13 0
29211 0 12 0
29212 3 17 0
29213 0 54 0
29214 0 80 0
29215 0 2388 0
29300 0 279 0
29301 0 72 0
29302 0 45 0
29303 0 20 0
29304 0 33 0
29305 4 176 0
29306 0 52 0
29307 0 92 0
29308 34 393 15
29309 19 223 3
29310 20 123 4
29311 0 18 0
29312 2 157 1
29313 0 8 0
29314 0 199 0
29315 0 12 0
29400 0 20 0
29401 0 16 0
29402 0 7 0
29403 0 39 0
29404 0 12 0
29405 1 86 0
29406 4 27 0
29407 0 18 0
29408 0 25 0
29409 2 66 4
29410 0 32 0
29411 0 23 0
29412 4 164 2
29413 39 232 1
29414 0 57 0
29415 0 4 0
29500 0 41 0
29501 14 189 1
29502 0 18 0
29503 10 185 0
29504 5 342 1
29505 0 14 0
29506 0 41 0
29507 0 205 0
29508 0 23 0
29509 0 76 0
29510 0 352 0
29511 12 14 0
29512 0 32 0
29513 0 64 0
29514 0 25 0
29515 1 146 0
29600 1 16 0
29601 0 59 0
29602 0 39 0
29603 0 12 0
29604 0 61 1
29605 107 387 88
29606 91 414 13
29607 0 12 0
29608 2 90 0
29609 0 42 0
29610 0 27 0
29611 0 23 0
29612 0 135 1
29613 0 43 0
29614 1 71 0
29615 0 21 0
29700 0 12 0
29701 0 128 0
29702 8 67 0
29703 0 70 0
29704 0 16 0
29705 0 6 0
29706 1 45 3
29707 0 18 0
29708 0 8 0
29709 0 219 0
29710 0 69 0
29711 0 305 0
29712 0 97 0
29713 0 64 0
29714 0 83 0
29715 5 183 14
29800 0 53 0
29801 0 121 0
29802 1 143 1
29803 0 126 0
29804 0 58 0
29805 2 80 0
29806 0 26 1
29807 0 29 0
29808 0 85 0
29809 0 38 0
29810 33 580 29
29811 0 42 0
29812 4 86 0
29813 0 39 0
29814 0 7 0
29815 0 38 0
29900 0 640 85
29901 0 57 0
29902 0 324 0
29903 15 378 1
29904 29 189 8
29905 0 84 0
29906 97 475 93
29907 0 40 0
29908 0 58 0
29909 0 62 0
29910 0 30 0
29911 0 107 0
29912 208 3081 47
29913 0 45 0
29914 34 50 3
29915 1 58 1
30000 0 24 0
30001 0 14 0
30002 0 138 0
30003 0 73 0
30004 0 7 0
30005 0 13 0
30006 0 121 0
30007 0 112 0
30008 38 249 1
30009 0 33 0
30010 0 14 0
30011 0 26 0
30012 0 17 0
30013 0 120 0
30014 0 26 0
30015 0 30 1
30100 1 24 1
30101 0 124 0
30102 0 161 0
30103 90 341 43
30104 0 26 0
30105 12 509 10
30106 0 52 0
30107 1 41 0
30108 0 11 0
30109 0 13 0
30110 0 22 0
30111 0 15 0
30112 0 60 0
30113 0 67 0
30114 0 27 0
30115 17 338 2
30200 0 243 0
30201 0 49 0
30202 1 82 1
30203 0 40 0
30204 0 17 0
30205 0 13 0
30206 0 25 0
30207 0 16 0
30208 0 19 0
30209 0 52 0
30210 7 283 0
30211 0 425 0
30212 0 6 0
30213 0 65 0
30214 0 97 0
30215 0 49 0
30300 22 674 15
30301 7 493 34
30302 0 57 0
30303 0 15 0
30304 0 54 0
30305 1 130 0
30306 0 27 0
30307 6 121 6
30308 0 137 0
30309 15 65 0
30310 0 32 0
30311 0 20 0
30312 0 19 0
30313 0 117 0
30314 753 1959 250
30315 0 65 0
30400 31 350 4
30401 0 27 0
30402 0 19 0
30403 0 21 0
30404 0 20 0
30405 0 58 0
30406 0 10 0
30407 0 81 1
30408 1 25 1
30409 0 15 0
30410 0 42 0
30411 0 163 0
30412 0 36 0
30413 1 65 0
30414 0 435 0
30415 1 17 0
30500 0 25 0
30501 0 288 0
30502 0 22 0
30503 0 96 0
30504 0 119 0
30505 0 30 0
30506 0 32 0
30507 4 762 0
30508 13 45 2
30509 0 17 0
30510 0 30 0
30511 1 100 0
30512 0 38 0
30513 7 88 1
30514 20 141 5
30515 0 222 0
30600 0 14 0
30601 0 103 0
30602 0 16 0
30603 1 93 0
30604 0 24 0
30605 0 60 0
30606 0 41 0
30607 0 97 0
30608 0 12 0
30609 0 87 0
30610 0 461 0
30611 0 39 0
30612 0 958 0
30613 0 33 0
30614 3 61 0
30615 0 34 0
30700 23 25 0
30701 0 11 0
30702 0 90 0
30703 54 258 10
30704 1 89 1
30705 0 90 0
30706 0 15 0
30707 0 431 3
30708 0 24 0
30709 0 10 0
30710 23 67 1
30711 0 4 0
30712 0 11 0
30713 0 23 0
30714 0 31 0
30715 46 294 4
30800 0 245 0
30801 0 48 0
30802 5 529 3
30803 0 16 0
30804 0 35 0
30805 0 24 0
30806 0 29 0
30807 0 40 0
30808 0 76 0
30809 7 278 0
30810 0 28 0
30811 0 15 0
30812 0 6 0
30813 0 14 0
30814 0 53 0
30815 3 7 1
30900 0 14 0
30901 0 31 1
30902 27 221 7
30903 1 57 0
30904 3 136 1
30905 1 25 0
30906 0 74 0
30907 10 39 0
30908 14 148 4
30909 0 17 0
30910 0 105 0
30911 0 15 0
30912 0 151 0
30913 0 39 0
30914 0 105 1
30915 1 40 1
31000 22 325 5
31001 6 58 2
31002 14 45 1
31003 45 48 0
31004 7 629 71
31005 0 22 0
31006 5 153 11
31007 0 27 0
31008 0 38 0
31009 0 20 0
31010 0 25 0
31011 0 29 0
31012 12 150 0
31013 0 23 0
31014 0 726 0
31015 0 73 0
31100 2 30 0
31101 0 30 0
31102 0 10 0
31103 0 10 0
31104 0 17 0
31105 39 97 11
31106 0 126 0
31107 0 24 0
31108 0 11 0
31109 0 192 0
31110 0 147 0
31111 0 161 0
31112 0 64 0
31113 0 14 0
31114 0 60 0
31115 0 11 0
31200 0 32 0
31201 0 16 0
31202 0 26 0
31203 6 25 0
31204 0 33 0
31205 0 347 0
31206 0 15 0
31207 2 37 0
31208 0 14 0
31209 0 96 0
31210 0 43 2
31211 0 41 1
31212 0 36 0
31213 0 19 0
31214 0 184 0
31215 1 22 1
31300 0 13 0
31301 0 13 0
31302 0 87 0
31303 30 687 13
31304 0 27 0
31305 0 9 0
31306 0 93 0
31307 0 19 0
31308 0 44 0
31309 0 6 0
31310 2 102 0
31311 0 40 0
31312 0 28 0
31313 99 1545 249
31314 0 121 0
31315 2 242 0
31400 0 92 0
31401 0 64 0
31402 0 23 0
31403 1 56 1
31404 0 36 0
31405 0 83 0
31406 11 145 2
31407 0 21 0
31408 2 67 1
31409 0 18 0
31410 0 63 0
31411 0 47 0
31412 0 41 0
31413 0 26 0
31414 0 41 0
31415 0 51 0
31500 0 123 0
31501 0 51 0
31502 0 88 0
31503 99 392 21
31504 0 135 2
31505 1 390 13
31506 0 59 0
31507 0 108 0
31508 0 34 0
31509 0 17 0
31510 0 35 0
31511 0 10 0
31512 0 6 0
31513 0 44 0
31514 0 10 0
31515 14 167 2
31600 0 27 0
31601 72 322 22
31602 0 45 0
31603 0 52 0
31604 5 27 1
31605 0 71 0
31606 0 41 0
31607 0 164 0
31608 0 24 0
31609 0 38 0
31610 0 70 0
31611 0 93 0
31612 0 68 1
31613 0 10 0
31614 0 12 0
31615 0 13 0
31700 0 31 0
31701 0 47 0
31702 0 30 0
31703 0 251 0
31704 0 5 0
31705 28 32 5
31706 0 34 0
31707 4 366 0
31708 0 57 0
31709 0 17 1
31710 0 41 0
31711 0 63 0
31712 0 17 0
31713 0 21 0
31714 0 23 0
31715 0 19 0
31800 0 58 0
31801 0 26 0
31802 7 26 0
31803 0 14 0
31804 0 15 0
31805 0 124 0
31806 0 36 0
31807 0 25 0
31808 0 43 1
31809 0 32 0
31810 6 54 1
31811 2 105 4
31812 0 33 0
31813 0 45 0
31814 0 17 0
31815 0 92 0
31900 0 31 0
31901 0 17 0
31902 0 5 0
31903 3 70 0
31904 4 79 7
31905 0 16 0
31906 0 17 0
31907 0 46 0
31908 0 123 0
31909 0 23 0
31910 0 57 0
31911 0 182 0
31912 53 490 28
31913 1 56 0
31914 0 33 0
31915 0 23 0
32000 0 14 0
32001 1 19 1
32002 0 56 0
32003 0 12 0
32004 4 29 3
32005 0 31 0
32006 0 16 0
32007 0 86 0
32008 284 426 40
32009 0 148 0
32010 0 25 0
32011 0 69 0
32012 0 25 0
32013 0 20 0
32014 12 205 0
32015 0 18 0
32100 0 11 0
32101 0 17 0
32102 0 94 0
32103 9 77 0
32104 0 234 1
32105 0 17 0
32106 0 87 0
32107 0 69 4
32108 0 56 0
32109 7 506 3
32110 96 2375 34
32111 8 83 1
32112 16 47 1
32113 4 167 0
32114 0 38 0
32115 0 81 0
32200 0 190 0
32201 0 93 0
32202 0 103 0
32203 0 35 4
32204 0 46 0
32205 5 136 4
32206 2 55 0
32207 0 21 0
32208 81 2076 14
32209 0 64 0
32210 21 222 4
32211 0 34 0
32212 8 545 18
32213 0 87 0
32214 184 377 16
32215 0 205 0
32300 0 84 0
32301 0 24 0
32302 6 95 0
32303 0 106 0
32304 1 13 0
32305 0 441 0
32306 0 15 0
32307 0 36 0
32308 0 14 0
32309 0 32 0
32310 23 147 2
32311 0 70 0
32312 0 17 0
32313 0 53 0
32314 0 71 0
32315 2 22 0
32400 0 39 0
32401 0 131 0
32402 0 26 0
32403 0 14 0
32404 0 25 0
32405 0 12 0
32406 20 800 4
32407 0 48 0
32408 0 22 0
32409 0 420 1
32410 0 28 0
32411 0 56 1
32412 4 57 0
32413 2 79 1
32414 0 20 0
32415 0 26 0
32500 0 74 1
32501 0 261 0
32502 0 49 0
32503 0 65 0
32504 0 196 0
32505 0 285 0
32506 0 63 0
32507 0 39 0
32508 0 31 0
32509 14 189 11
32510 0 66 0
32511 0 7 0
32512 0 41 0
32513 7 35 1
32514 24 815 6
32515 0 48 0
32600 0 13 0
32601 7 268 0
32602 0 61 0
32603 0 171 0
32604 0 26 0
32605 0 11 0
32606 11 164 0
32607 0 95 0
32608 0 50 0
32609 0 40 0
32610 0 70 0
32611 9 209 3
32612 0 46 0
32613 8 507 2
32614 7 41 0
32615 0 27 0
32700 0 36 0
32701 0 18 0
32702 0 31 0
32703 0 45 0
32704 0 153 0
32705 0 20 0
32706 0 30 0
32707 0 204 0
32708 0 39 0
32709 10 92 1
32710 0 15 0
32711 0 5 0
32712 0 30 0
32713 0 29 0
32714 0 32 0
32715 0 6 0
32800 0 19 0
32801 9 111 0
32802 1 49 0
32803 8 511 4
32804 1 38 0
32805 0 40 0
32806 0 76 0
32807 0 12 0
32808 0 110 0
32809 2 40 0
32810 0 26 0
32811 0 74 0
32812 0 236 0
32813 1 29 0
32814 1 37 0
32815 0 17 0
32900 6 198 1
32901 0 61 0
32902 0 26 0
32903 0 472 0
32904 0 31 0
32905 0 11 0
32906 0 13 0
32907 48 277 7
32908 0 56 0
32909 0 23 0
32910 0 83 0
32911 0 45 0
32912 2 279 0
32913 0 59 0
32914 0 31 0
32915 0 19 0
33000 0 22 0
33001 0 21 0
33002 6 83 0
33003 0 45 0
33004 0 25 0
33005 0 74 0
33006 0 100 0
33007 0 39 2
33008 0 620 0
33009 0 50 0
33010 0 29 0
33011 6 1149 0
33012 0 91 0
33013 0 23 0
33014 0 17 0
33015 1 39 0
33100 0 54 0
33101 0 475 0
33102 0 172 0
33103 0 14 0
33104 7 159 1
33105 0 56 0
33106 0 26 0
33107 0 12 0
33108 0 13 0
33109 2 124 1
33110 0 88 0
33111 0 19 0
33112 0 11 0
33113 0 8 0
33114 0 599 2
33115 0 47 0
33200 0 73 0
33201 0 23 0
33202 3 52 9
33203 0 92 0
33204 0 19 0
33205 0 9 0
33206 0 233 0
33207 0 78 0
33208 0 9 0
33209 0 24 0
33210 0 69 0
33211 0 33 0
33212 0 10 0
33213 0 44 0
33214 0 2 0
33215 0 174 0
33300 0 24 0
33301 0 16 0
33302 1 94 0
33303 0 1411 0
33304 1 35 2
33305 0 19 0
33306 0 19 0
33307 0 11 0
33308 0 16 0
33309 5 37 0
33310 0 27 0
33311 0 53 0
33312 0 19 0
33313 0 18 0
33314 0 19 0
33315 0 21 0
33400 12 516 0
33401 0 96 0
33402 0 50 2
33403 4 81 0
33404 10 129 1
33405 10 115 3
33406 0 22 0
33407 3 13 0
33408 3 129 1
33409 2 101 1
33410 0 12 0
33411 0 20 0
33412 0 20 0
33413 0 10 0
33414 0 34 0
33415 0 40 0
33500 0 68 0
33501 0 25 0
33502 0 23 0
33503 0 70 0
33504 0 8 0
33505 0 74 0
33506 0 47 0
33507 0 24 0
33508 0 12 0
33509 3 92 0
33510 176 898 57
33511 0 101 0
33512 0 141 0
33513 0 147 1
33514 28 268 2
33515 0 20 0
33600 0 7 2
33601 3 11 1
33602 0 66 0
33603 0 26 0
33604 0 83 0
33605 0 8 0
33606 14 260 3
33607 0 30 0
33608 0 18 0
33609 0 193 0
33610 0 27 0
33611 2 16 0
33612 0 26 0
33613 0 31 0
33614 0 11 0
33615 0 388 1
33700 0 28 0
33701 0 25 0
33702 19 254 19
33703 0 18 0
33704 112 26 0
33705 0 79 0
33706 0 37 0
33707 0 43 0
33708 0 17 0
33709 0 37 0
33710 0 26 0
33711 0 24 0
33712 0 28 0
33713 0 13 0
33714 0 31 0
33715 12 188 6
33800 0 152 0
33801 0 31 0
33802 0 20 0
33803 11 141 29
33804 15 195 2
33805 0 10 0
33806 0 25 0
33807 6 16 5
33808 0 41 0
33809 0 61 0
33810 0 195 0
33811 0 84 0
33812 0 126 0
33813 0 7 0
33814 0 218 0
33815 0 378 0
33900 0 17 0
33901 0 43 0
33902 0 39 0
33903 0 237 1
33904 10 88 0
33905 0 39 0
33906 0 105 0
33907 7 14 0
33908 0 42 0
33909 1 51 0
33910 0 112 0
33911 0 15 0
33912 0 43 0
33913 0 25 0
33914 0 17 0
33915 0 7 0
34000 2 38 1
34001 0 30 0
34002 0 68 4
34003 0 28 0
34004 0 29 0
34005 0 18 0
34006 0 62 0
34007 0 47 0
34008 0 95 0
34009 0 22 0
34010 0 20 0
34011 0 314 0
34012 0 63 0
34013 0 8 0
34014 0 202 0
34015 0 15 0
34100 0 62 0
34101 0 29 0
34102 0 15 0
34103 0 44 0
34104 0 104 0
34105 0 24 0
34106 0 32 0
34107 3 132 0
34108 0 58 0
34109 0 49 0
34110 0 71 0
34111 0 90 0
34112 0 21 0
34113 0 59 0
34114 0 14 0
34115 1 18 12
34200 3 196 3
34201 0 13 0
34202 0 91 0
34203 0 28 0
34204 0 65 0
34205 0 56 0
34206 0 80 6
34207 5 48 0
34208 0 35 0
34209 0 96 0
34210 0 48 0
34211 0 534 0
34212 25 154 2
34213 253 1345 44
34214 0 7 0
34215 0 26 0
34300 0 91 0
34301 1 18 0
34302 38 260 21
34303 0 6 0
34304 0 46 0
34305 0 50 0
34306 1 312 0
34307 2 95 1
34308 0 33 0
34309 0 68 0
34310 0 176 0
34311 0 1068 0
34312 0 23 0
34313 19 30 1
34314 0 24 0
34315 0 248 0
34400 0 49 0
34401 0 104 0
34402 0 14 0
34403 0 18 0
34404 0 58 0
34405 0 6 0
34406 78 304 15
34407 6 329 1
34408 2 83 0
34409 4 48 0
34410 0 26 0
34411 0 40 0
34412 0 37 1
34413 0 66 0
34414 0 47 0
34415 0 31 0
34500 0 28 0
34501 0 22 0
34502 0 19 0
34503 0 25 0
34504 48 126 16
34505 0 44 0
34506 0 59 0
34507 0 7 0
34508 0 47 0
34509 0 25 0
34510 0 25 0
34511 0 57 0
34512 0 10 0
34513 0 106 0
34514 16 250 15
34515 0 36 0
34600 0 26 0
34601 0 8 0
34602 1 50 0
34603 0 32 0
34604 0 24 0
34605 0 14 1
34606 0 318 0
34607 0 57 2
34608 2 34 0
34609 0 10 0
34610 0 38 0
34611 0 40 0
34612 0 16 0
34613 0 41 0
34614 0 11 0
34615 0 22 0
34700 0 66 0
34701 0 104 0
34702 15 244 2
34703 0 70 0
34704 0 47 0
34705 0 51 0
34706 0 33 0
34707 0 81 0
34708 0 20 0
34709 0 18 0
34710 0 264 0
34711 0 18 0
34712 0 30 0
34713 0 42 0
34714 0 93 0
34715 0 76 0
34800 0 109 0
34801 0 95 0
34802 28 280 4
34803 9 39 0
34804 0 17 0
34805 286 2179 30
34806 0 34 0
34807 0 191 0
34808 6 106 1
